T[Gyr]	P[Gyr]
1.00000000e-03	9.98053384e-01
1.10000000e-02	8.72541894e-01
2.10000000e-02	7.35049742e-01
3.10000000e-02	6.76921098e-01
4.10000000e-02	6.67163996e-01
5.10000000e-02	6.69846487e-01
6.10000000e-02	6.71509510e-01
7.10000000e-02	6.69783860e-01
8.10000000e-02	6.64604342e-01
9.10000000e-02	6.56053054e-01
1.01000000e-01	6.44150761e-01
1.11000000e-01	6.28890354e-01
1.21000000e-01	6.10278257e-01
1.31000000e-01	5.88371840e-01
1.41000000e-01	5.63313719e-01
1.51000000e-01	5.35361487e-01
1.61000000e-01	5.04909236e-01
1.71000000e-01	4.72495953e-01
1.81000000e-01	4.38795951e-01
1.91000000e-01	4.04588406e-01
2.01000000e-01	3.70706901e-01
2.11000000e-01	3.37974916e-01
2.21000000e-01	3.07137724e-01
2.31000000e-01	2.78803386e-01
2.41000000e-01	2.53403866e-01
2.51000000e-01	2.31182256e-01
2.61000000e-01	2.12205266e-01
2.71000000e-01	1.96394451e-01
2.81000000e-01	1.83566749e-01
2.91000000e-01	1.73475384e-01
3.01000000e-01	1.65844818e-01
3.11000000e-01	1.60396812e-01
3.21000000e-01	1.56867378e-01
3.31000000e-01	1.55016105e-01
3.41000000e-01	1.54629910e-01
3.51000000e-01	1.55523227e-01
3.61000000e-01	1.57536189e-01
3.71000000e-01	1.60531916e-01
3.81000000e-01	1.64393559e-01
3.91000000e-01	1.69021479e-01
4.01000000e-01	1.74330718e-01
4.11000000e-01	1.80248811e-01
4.21000000e-01	1.86713926e-01
4.31000000e-01	1.93673300e-01
4.41000000e-01	2.01081913e-01
4.51000000e-01	2.08901375e-01
4.61000000e-01	2.17098973e-01
4.71000000e-01	2.25646864e-01
4.81000000e-01	2.34521380e-01
4.91000000e-01	2.43702429e-01
5.01000000e-01	2.53172981e-01
5.11000000e-01	2.62918624e-01
5.21000000e-01	2.72927181e-01
5.31000000e-01	2.83188380e-01
5.41000000e-01	2.93693566e-01
5.51000000e-01	3.04435464e-01
5.61000000e-01	3.15407961e-01
5.71000000e-01	3.26605932e-01
5.81000000e-01	3.38025087e-01
5.91000000e-01	3.49661837e-01
6.01000000e-01	3.61513183e-01
6.11000000e-01	3.73576627e-01
6.21000000e-01	3.85850085e-01
6.31000000e-01	3.98331825e-01
6.41000000e-01	4.11020405e-01
6.51000000e-01	4.23914631e-01
6.61000000e-01	4.37013510e-01
6.71000000e-01	4.50316221e-01
6.81000000e-01	4.63822084e-01
6.91000000e-01	4.77530538e-01
7.01000000e-01	4.91441119e-01
7.11000000e-01	5.05553444e-01
7.21000000e-01	5.19867197e-01
7.31000000e-01	5.34382119e-01
7.41000000e-01	5.49097997e-01
7.51000000e-01	5.64014655e-01
7.61000000e-01	5.79131949e-01
7.71000000e-01	5.94449762e-01
7.81000000e-01	6.09967996e-01
7.91000000e-01	6.25686573e-01
8.01000000e-01	6.41605428e-01
8.11000000e-01	6.57724509e-01
8.21000000e-01	6.74043772e-01
8.31000000e-01	6.90563182e-01
8.41000000e-01	7.07282712e-01
8.51000000e-01	7.24202337e-01
8.61000000e-01	7.41322039e-01
8.71000000e-01	7.58641804e-01
8.81000000e-01	7.76161618e-01
8.91000000e-01	7.93881471e-01
9.01000000e-01	8.11801356e-01
9.11000000e-01	8.29921267e-01
9.21000000e-01	8.48241197e-01
9.31000000e-01	8.66761143e-01
9.41000000e-01	8.85481102e-01
9.51000000e-01	9.04401070e-01
9.61000000e-01	9.23521047e-01
9.71000000e-01	9.42841029e-01
9.81000000e-01	9.62361016e-01
9.91000000e-01	9.82081006e-01
1.00100000e+00	1.00200100e+00
1.01100000e+00	1.02212099e+00
1.02100000e+00	1.04244099e+00
1.03100000e+00	1.06296099e+00
1.04100000e+00	1.08368099e+00
1.05100000e+00	1.10460099e+00
1.06100000e+00	1.12572099e+00
1.07100000e+00	1.14704099e+00
1.08100000e+00	1.16856099e+00
1.09100000e+00	1.19028099e+00
1.10100000e+00	1.21220099e+00
1.11100000e+00	1.23432099e+00
1.12100000e+00	1.25664099e+00
1.13100000e+00	1.27916099e+00
1.14100000e+00	1.30188099e+00
1.15100000e+00	1.32480099e+00
1.16100000e+00	1.34792100e+00
1.17100000e+00	1.37124100e+00
1.18100000e+00	1.39476100e+00
1.19100000e+00	1.41848100e+00
1.20100000e+00	1.44240100e+00
1.21100000e+00	1.46652100e+00
1.22100000e+00	1.49084100e+00
1.23100000e+00	1.51536100e+00
1.24100000e+00	1.54008100e+00
1.25100000e+00	1.56500100e+00
1.26100000e+00	1.59012100e+00
1.27100000e+00	1.61544100e+00
1.28100000e+00	1.64096100e+00
1.29100000e+00	1.66668100e+00
1.30100000e+00	1.69260100e+00
1.31100000e+00	1.71872100e+00
1.32100000e+00	1.74504100e+00
1.33100000e+00	1.77156100e+00
1.34100000e+00	1.79828100e+00
1.35100000e+00	1.82520100e+00
1.36100000e+00	1.85232100e+00
1.37100000e+00	1.87964100e+00
1.38100000e+00	1.90716100e+00
1.39100000e+00	1.93488100e+00
1.40100000e+00	1.96280100e+00
1.41100000e+00	1.99092100e+00
1.42100000e+00	2.01924100e+00
1.43100000e+00	2.04776100e+00
1.44100000e+00	2.07648100e+00
1.45100000e+00	2.10540100e+00
1.46100000e+00	2.13452100e+00
1.47100000e+00	2.16384100e+00
1.48100000e+00	2.19336100e+00
1.49100000e+00	2.22308100e+00
1.50100000e+00	2.25300100e+00
1.51100000e+00	2.28312100e+00
1.52100000e+00	2.31344100e+00
1.53100000e+00	2.34396100e+00
1.54100000e+00	2.37468100e+00
1.55100000e+00	2.40560100e+00
1.56100000e+00	2.43672100e+00
1.57100000e+00	2.46804100e+00
1.58100000e+00	2.49956100e+00
1.59100000e+00	2.53128100e+00
1.60100000e+00	2.56320100e+00
1.61100000e+00	2.59532100e+00
1.62100000e+00	2.62764100e+00
1.63100000e+00	2.66016100e+00
1.64100000e+00	2.69288100e+00
1.65100000e+00	2.72580100e+00
1.66100000e+00	2.75892100e+00
1.67100000e+00	2.79224100e+00
1.68100000e+00	2.82576100e+00
1.69100000e+00	2.85948100e+00
1.70100000e+00	2.89340100e+00
1.71100000e+00	2.92752100e+00
1.72100000e+00	2.96184100e+00
1.73100000e+00	2.99636100e+00
1.74100000e+00	3.03108100e+00
1.75100000e+00	3.06600100e+00
1.76100000e+00	3.10112100e+00
1.77100000e+00	3.13644100e+00
1.78100000e+00	3.17196100e+00
1.79100000e+00	3.20768100e+00
1.80100000e+00	3.24360100e+00
1.81100000e+00	3.27972100e+00
1.82100000e+00	3.31604100e+00
1.83100000e+00	3.35256100e+00
1.84100000e+00	3.38928100e+00
1.85100000e+00	3.42620100e+00
1.86100000e+00	3.46332100e+00
1.87100000e+00	3.50064100e+00
1.88100000e+00	3.53816100e+00
1.89100000e+00	3.57588100e+00
1.90100000e+00	3.61380100e+00
1.91100000e+00	3.65192100e+00
1.92100000e+00	3.69024100e+00
1.93100000e+00	3.72876100e+00
1.94100000e+00	3.76748100e+00
1.95100000e+00	3.80640100e+00
1.96100000e+00	3.84552100e+00
1.97100000e+00	3.88484100e+00
1.98100000e+00	3.92436100e+00
1.99100000e+00	3.96408100e+00
2.00100000e+00	4.00400100e+00
2.01100000e+00	4.04412100e+00
2.02100000e+00	4.08444100e+00
2.03100000e+00	4.12496100e+00
2.04100000e+00	4.16568100e+00
2.05100000e+00	4.20660100e+00
2.06100000e+00	4.24772100e+00
2.07100000e+00	4.28904100e+00
2.08100000e+00	4.33056100e+00
2.09100000e+00	4.37228100e+00
2.10100000e+00	4.41420100e+00
2.11100000e+00	4.45632100e+00
2.12100000e+00	4.49864100e+00
2.13100000e+00	4.54116100e+00
2.14100000e+00	4.58388100e+00
2.15100000e+00	4.62680100e+00
2.16100000e+00	4.66992100e+00
2.17100000e+00	4.71324100e+00
2.18100000e+00	4.75676100e+00
2.19100000e+00	4.80048100e+00
2.20100000e+00	4.84440100e+00
2.21100000e+00	4.88852100e+00
2.22100000e+00	4.93284100e+00
2.23100000e+00	4.97736100e+00
2.24100000e+00	5.02208100e+00
2.25100000e+00	5.06700100e+00
2.26100000e+00	5.11212100e+00
2.27100000e+00	5.15744100e+00
2.28100000e+00	5.20296100e+00
2.29100000e+00	5.24868100e+00
2.30100000e+00	5.29460100e+00
2.31100000e+00	5.34072100e+00
2.32100000e+00	5.38704100e+00
2.33100000e+00	5.43356100e+00
2.34100000e+00	5.48028100e+00
2.35100000e+00	5.52720100e+00
2.36100000e+00	5.57432100e+00
2.37100000e+00	5.62164100e+00
2.38100000e+00	5.66916100e+00
2.39100000e+00	5.71688100e+00
2.40100000e+00	5.76480100e+00
2.41100000e+00	5.81292100e+00
2.42100000e+00	5.86124100e+00
2.43100000e+00	5.90976100e+00
2.44100000e+00	5.95848100e+00
2.45100000e+00	6.00740100e+00
2.46100000e+00	6.05652100e+00
2.47100000e+00	6.10584100e+00
2.48100000e+00	6.15536100e+00
2.49100000e+00	6.20508100e+00
2.50100000e+00	6.25500100e+00
2.51100000e+00	6.30512100e+00
2.52100000e+00	6.35544100e+00
2.53100000e+00	6.40596100e+00
2.54100000e+00	6.45668100e+00
2.55100000e+00	6.50760100e+00
2.56100000e+00	6.55872100e+00
2.57100000e+00	6.61004100e+00
2.58100000e+00	6.66156100e+00
2.59100000e+00	6.71328100e+00
2.60100000e+00	6.76520100e+00
2.61100000e+00	6.81732100e+00
2.62100000e+00	6.86964100e+00
2.63100000e+00	6.92216100e+00
2.64100000e+00	6.97488100e+00
2.65100000e+00	7.02780100e+00
2.66100000e+00	7.08092100e+00
2.67100000e+00	7.13424100e+00
2.68100000e+00	7.18776100e+00
2.69100000e+00	7.24148100e+00
2.70100000e+00	7.29540100e+00
2.71100000e+00	7.34952100e+00
2.72100000e+00	7.40384100e+00
2.73100000e+00	7.45836100e+00
2.74100000e+00	7.51308100e+00
2.75100000e+00	7.56800100e+00
2.76100000e+00	7.62312100e+00
2.77100000e+00	7.67844100e+00
2.78100000e+00	7.73396100e+00
2.79100000e+00	7.78968100e+00
2.80100000e+00	7.84560100e+00
2.81100000e+00	7.90172100e+00
2.82100000e+00	7.95804100e+00
2.83100000e+00	8.01456100e+00
2.84100000e+00	8.07128100e+00
2.85100000e+00	8.12820100e+00
2.86100000e+00	8.18532100e+00
2.87100000e+00	8.24264100e+00
2.88100000e+00	8.30016100e+00
2.89100000e+00	8.35788100e+00
2.90100000e+00	8.41580100e+00
2.91100000e+00	8.47392100e+00
2.92100000e+00	8.53224100e+00
2.93100000e+00	8.59076100e+00
2.94100000e+00	8.64948100e+00
2.95100000e+00	8.70840100e+00
2.96100000e+00	8.76752100e+00
2.97100000e+00	8.82684100e+00
2.98100000e+00	8.88636100e+00
2.99100000e+00	8.94608100e+00
3.00100000e+00	9.00600100e+00
3.01100000e+00	9.06612100e+00
3.02100000e+00	9.12644100e+00
3.03100000e+00	9.18696100e+00
3.04100000e+00	9.24768100e+00
3.05100000e+00	9.30860100e+00
3.06100000e+00	9.36972100e+00
3.07100000e+00	9.43104100e+00
3.08100000e+00	9.49256100e+00
3.09100000e+00	9.55428100e+00
3.10100000e+00	9.61620100e+00
3.11100000e+00	9.67832100e+00
3.12100000e+00	9.74064100e+00
3.13100000e+00	9.80316100e+00
3.14100000e+00	9.86588100e+00
3.15100000e+00	9.92880100e+00
3.16100000e+00	9.99192100e+00
3.17100000e+00	1.00552410e+01
3.18100000e+00	1.01187610e+01
3.19100000e+00	1.01824810e+01
3.20100000e+00	1.02464010e+01
3.21100000e+00	1.03105210e+01
3.22100000e+00	1.03748410e+01
3.23100000e+00	1.04393610e+01
3.24100000e+00	1.05040810e+01
3.25100000e+00	1.05690010e+01
3.26100000e+00	1.06341210e+01
3.27100000e+00	1.06994410e+01
3.28100000e+00	1.07649610e+01
3.29100000e+00	1.08306810e+01
3.30100000e+00	1.08966010e+01
3.31100000e+00	1.09627210e+01
3.32100000e+00	1.10290410e+01
3.33100000e+00	1.10955610e+01
3.34100000e+00	1.11622810e+01
3.35100000e+00	1.12292010e+01
3.36100000e+00	1.12963210e+01
3.37100000e+00	1.13636410e+01
3.38100000e+00	1.14311610e+01
3.39100000e+00	1.14988810e+01
3.40100000e+00	1.15668010e+01
3.41100000e+00	1.16349210e+01
3.42100000e+00	1.17032410e+01
3.43100000e+00	1.17717610e+01
3.44100000e+00	1.18404810e+01
3.45100000e+00	1.19094010e+01
3.46100000e+00	1.19785210e+01
3.47100000e+00	1.20478410e+01
3.48100000e+00	1.21173610e+01
3.49100000e+00	1.21870810e+01
3.50100000e+00	1.22570010e+01
3.51100000e+00	1.23271210e+01
3.52100000e+00	1.23974410e+01
3.53100000e+00	1.24679610e+01
3.54100000e+00	1.25386810e+01
3.55100000e+00	1.26096010e+01
3.56100000e+00	1.26807210e+01
3.57100000e+00	1.27520410e+01
3.58100000e+00	1.28235610e+01
3.59100000e+00	1.28952810e+01
3.60100000e+00	1.29672010e+01
3.61100000e+00	1.30393210e+01
3.62100000e+00	1.31116410e+01
3.63100000e+00	1.31841610e+01
3.64100000e+00	1.32568810e+01
3.65100000e+00	1.33298010e+01
3.66100000e+00	1.34029210e+01
3.67100000e+00	1.34762410e+01
3.68100000e+00	1.35497610e+01
3.69100000e+00	1.36234810e+01
3.70100000e+00	1.36974010e+01
3.71100000e+00	1.37715210e+01
3.72100000e+00	1.38458410e+01
3.73100000e+00	1.39203610e+01
3.74100000e+00	1.39950810e+01
3.75100000e+00	1.40700010e+01
3.76100000e+00	1.41451210e+01
3.77100000e+00	1.42204410e+01
3.78100000e+00	1.42959610e+01
3.79100000e+00	1.43716810e+01
3.80100000e+00	1.44476010e+01
3.81100000e+00	1.45237210e+01
3.82100000e+00	1.46000410e+01
3.83100000e+00	1.46765610e+01
3.84100000e+00	1.47532810e+01
3.85100000e+00	1.48302010e+01
3.86100000e+00	1.49073210e+01
3.87100000e+00	1.49846410e+01
3.88100000e+00	1.50621610e+01
3.89100000e+00	1.51398810e+01
3.90100000e+00	1.52178010e+01
3.91100000e+00	1.52959210e+01
3.92100000e+00	1.53742410e+01
3.93100000e+00	1.54527610e+01
3.94100000e+00	1.55314810e+01
3.95100000e+00	1.56104010e+01
3.96100000e+00	1.56895210e+01
3.97100000e+00	1.57688410e+01
3.98100000e+00	1.58483610e+01
3.99100000e+00	1.59280810e+01
4.00100000e+00	1.60080010e+01
4.01100000e+00	1.60881210e+01
4.02100000e+00	1.61684410e+01
4.03100000e+00	1.62489610e+01
4.04100000e+00	1.63296810e+01
4.05100000e+00	1.64106010e+01
4.06100000e+00	1.64917210e+01
4.07100000e+00	1.65730410e+01
4.08100000e+00	1.66545610e+01
4.09100000e+00	1.67362810e+01
4.10100000e+00	1.68182010e+01
4.11100000e+00	1.69003210e+01
4.12100000e+00	1.69826410e+01
4.13100000e+00	1.70651610e+01
4.14100000e+00	1.71478810e+01
4.15100000e+00	1.72308010e+01
4.16100000e+00	1.73139210e+01
4.17100000e+00	1.73972410e+01
4.18100000e+00	1.74807610e+01
4.19100000e+00	1.75644810e+01
4.20100000e+00	1.76484010e+01
4.21100000e+00	1.77325210e+01
4.22100000e+00	1.78168410e+01
4.23100000e+00	1.79013610e+01
4.24100000e+00	1.79860810e+01
4.25100000e+00	1.80710010e+01
4.26100000e+00	1.81561210e+01
4.27100000e+00	1.82414410e+01
4.28100000e+00	1.83269610e+01
4.29100000e+00	1.84126810e+01
4.30100000e+00	1.84986010e+01
4.31100000e+00	1.85847210e+01
4.32100000e+00	1.86710410e+01
4.33100000e+00	1.87575610e+01
4.34100000e+00	1.88442810e+01
4.35100000e+00	1.89312010e+01
4.36100000e+00	1.90183210e+01
4.37100000e+00	1.91056410e+01
4.38100000e+00	1.91931610e+01
4.39100000e+00	1.92808810e+01
4.40100000e+00	1.93688010e+01
4.41100000e+00	1.94569210e+01
4.42100000e+00	1.95452410e+01
4.43100000e+00	1.96337610e+01
4.44100000e+00	1.97224810e+01
4.45100000e+00	1.98114010e+01
4.46100000e+00	1.99005210e+01
4.47100000e+00	1.99898410e+01
4.48100000e+00	2.00793610e+01
4.49100000e+00	2.01690810e+01
4.50100000e+00	2.02590010e+01
4.51100000e+00	2.03491210e+01
4.52100000e+00	2.04394410e+01
4.53100000e+00	2.05299610e+01
4.54100000e+00	2.06206810e+01
4.55100000e+00	2.07116010e+01
4.56100000e+00	2.08027210e+01
4.57100000e+00	2.08940410e+01
4.58100000e+00	2.09855610e+01
4.59100000e+00	2.10772810e+01
4.60100000e+00	2.11692010e+01
4.61100000e+00	2.12613210e+01
4.62100000e+00	2.13536410e+01
4.63100000e+00	2.14461610e+01
4.64100000e+00	2.15388810e+01
4.65100000e+00	2.16318010e+01
4.66100000e+00	2.17249210e+01
4.67100000e+00	2.18182410e+01
4.68100000e+00	2.19117610e+01
4.69100000e+00	2.20054810e+01
4.70100000e+00	2.20994010e+01
4.71100000e+00	2.21935210e+01
4.72100000e+00	2.22878410e+01
4.73100000e+00	2.23823610e+01
4.74100000e+00	2.24770810e+01
4.75100000e+00	2.25720010e+01
4.76100000e+00	2.26671210e+01
4.77100000e+00	2.27624410e+01
4.78100000e+00	2.28579610e+01
4.79100000e+00	2.29536810e+01
4.80100000e+00	2.30496010e+01
4.81100000e+00	2.31457210e+01
4.82100000e+00	2.32420410e+01
4.83100000e+00	2.33385610e+01
4.84100000e+00	2.34352810e+01
4.85100000e+00	2.35322010e+01
4.86100000e+00	2.36293210e+01
4.87100000e+00	2.37266410e+01
4.88100000e+00	2.38241610e+01
4.89100000e+00	2.39218810e+01
4.90100000e+00	2.40198010e+01
4.91100000e+00	2.41179210e+01
4.92100000e+00	2.42162410e+01
4.93100000e+00	2.43147610e+01
4.94100000e+00	2.44134810e+01
4.95100000e+00	2.45124010e+01
4.96100000e+00	2.46115210e+01
4.97100000e+00	2.47108410e+01
4.98100000e+00	2.48103610e+01
4.99100000e+00	2.49100810e+01
5.00100000e+00	2.50100010e+01
5.01100000e+00	2.51101210e+01
5.02100000e+00	2.52104410e+01
5.03100000e+00	2.53109610e+01
5.04100000e+00	2.54116810e+01
5.05100000e+00	2.55126010e+01
5.06100000e+00	2.56137210e+01
5.07100000e+00	2.57150410e+01
5.08100000e+00	2.58165610e+01
5.09100000e+00	2.59182810e+01
5.10100000e+00	2.60202010e+01
5.11100000e+00	2.61223210e+01
5.12100000e+00	2.62246410e+01
5.13100000e+00	2.63271610e+01
5.14100000e+00	2.64298810e+01
5.15100000e+00	2.65328010e+01
5.16100000e+00	2.66359210e+01
5.17100000e+00	2.67392410e+01
5.18100000e+00	2.68427610e+01
5.19100000e+00	2.69464810e+01
5.20100000e+00	2.70504010e+01
5.21100000e+00	2.71545210e+01
5.22100000e+00	2.72588410e+01
5.23100000e+00	2.73633610e+01
5.24100000e+00	2.74680810e+01
5.25100000e+00	2.75730010e+01
5.26100000e+00	2.76781210e+01
5.27100000e+00	2.77834410e+01
5.28100000e+00	2.78889610e+01
5.29100000e+00	2.79946810e+01
5.30100000e+00	2.81006010e+01
5.31100000e+00	2.82067210e+01
5.32100000e+00	2.83130410e+01
5.33100000e+00	2.84195610e+01
5.34100000e+00	2.85262810e+01
5.35100000e+00	2.86332010e+01
5.36100000e+00	2.87403210e+01
5.37100000e+00	2.88476410e+01
5.38100000e+00	2.89551610e+01
5.39100000e+00	2.90628810e+01
5.40100000e+00	2.91708010e+01
5.41100000e+00	2.92789210e+01
5.42100000e+00	2.93872410e+01
5.43100000e+00	2.94957610e+01
5.44100000e+00	2.96044810e+01
5.45100000e+00	2.97134010e+01
5.46100000e+00	2.98225210e+01
5.47100000e+00	2.99318410e+01
5.48100000e+00	3.00413610e+01
5.49100000e+00	3.01510810e+01
5.50100000e+00	3.02610010e+01
5.51100000e+00	3.03711210e+01
5.52100000e+00	3.04814410e+01
5.53100000e+00	3.05919610e+01
5.54100000e+00	3.07026810e+01
5.55100000e+00	3.08136010e+01
5.56100000e+00	3.09247210e+01
5.57100000e+00	3.10360410e+01
5.58100000e+00	3.11475610e+01
5.59100000e+00	3.12592810e+01
5.60100000e+00	3.13712010e+01
5.61100000e+00	3.14833210e+01
5.62100000e+00	3.15956410e+01
5.63100000e+00	3.17081610e+01
5.64100000e+00	3.18208810e+01
5.65100000e+00	3.19338010e+01
5.66100000e+00	3.20469210e+01
5.67100000e+00	3.21602410e+01
5.68100000e+00	3.22737610e+01
5.69100000e+00	3.23874810e+01
5.70100000e+00	3.25014010e+01
5.71100000e+00	3.26155210e+01
5.72100000e+00	3.27298410e+01
5.73100000e+00	3.28443610e+01
5.74100000e+00	3.29590810e+01
5.75100000e+00	3.30740010e+01
5.76100000e+00	3.31891210e+01
5.77100000e+00	3.33044410e+01
5.78100000e+00	3.34199610e+01
5.79100000e+00	3.35356810e+01
5.80100000e+00	3.36516010e+01
5.81100000e+00	3.37677210e+01
5.82100000e+00	3.38840410e+01
5.83100000e+00	3.40005610e+01
5.84100000e+00	3.41172810e+01
5.85100000e+00	3.42342010e+01
5.86100000e+00	3.43513210e+01
5.87100000e+00	3.44686410e+01
5.88100000e+00	3.45861610e+01
5.89100000e+00	3.47038810e+01
5.90100000e+00	3.48218010e+01
5.91100000e+00	3.49399210e+01
5.92100000e+00	3.50582410e+01
5.93100000e+00	3.51767610e+01
5.94100000e+00	3.52954810e+01
5.95100000e+00	3.54144010e+01
5.96100000e+00	3.55335210e+01
5.97100000e+00	3.56528410e+01
5.98100000e+00	3.57723610e+01
5.99100000e+00	3.58920810e+01
6.00100000e+00	3.60120010e+01
6.01100000e+00	3.61321210e+01
6.02100000e+00	3.62524410e+01
6.03100000e+00	3.63729610e+01
6.04100000e+00	3.64936810e+01
6.05100000e+00	3.66146010e+01
6.06100000e+00	3.67357210e+01
6.07100000e+00	3.68570410e+01
6.08100000e+00	3.69785610e+01
6.09100000e+00	3.71002810e+01
6.10100000e+00	3.72222010e+01
6.11100000e+00	3.73443210e+01
6.12100000e+00	3.74666410e+01
6.13100000e+00	3.75891610e+01
6.14100000e+00	3.77118810e+01
6.15100000e+00	3.78348010e+01
6.16100000e+00	3.79579210e+01
6.17100000e+00	3.80812410e+01
6.18100000e+00	3.82047610e+01
6.19100000e+00	3.83284810e+01
6.20100000e+00	3.84524010e+01
6.21100000e+00	3.85765210e+01
6.22100000e+00	3.87008410e+01
6.23100000e+00	3.88253610e+01
6.24100000e+00	3.89500810e+01
6.25100000e+00	3.90750010e+01
6.26100000e+00	3.92001210e+01
6.27100000e+00	3.93254410e+01
6.28100000e+00	3.94509610e+01
6.29100000e+00	3.95766810e+01
6.30100000e+00	3.97026010e+01
6.31100000e+00	3.98287210e+01
6.32100000e+00	3.99550410e+01
6.33100000e+00	4.00815610e+01
6.34100000e+00	4.02082810e+01
6.35100000e+00	4.03352010e+01
6.36100000e+00	4.04623210e+01
6.37100000e+00	4.05896410e+01
6.38100000e+00	4.07171610e+01
6.39100000e+00	4.08448810e+01
6.40100000e+00	4.09728010e+01
6.41100000e+00	4.11009210e+01
6.42100000e+00	4.12292410e+01
6.43100000e+00	4.13577610e+01
6.44100000e+00	4.14864810e+01
6.45100000e+00	4.16154010e+01
6.46100000e+00	4.17445210e+01
6.47100000e+00	4.18738410e+01
6.48100000e+00	4.20033610e+01
6.49100000e+00	4.21330810e+01
6.50100000e+00	4.22630010e+01
6.51100000e+00	4.23931210e+01
6.52100000e+00	4.25234410e+01
6.53100000e+00	4.26539610e+01
6.54100000e+00	4.27846810e+01
6.55100000e+00	4.29156010e+01
6.56100000e+00	4.30467210e+01
6.57100000e+00	4.31780410e+01
6.58100000e+00	4.33095610e+01
6.59100000e+00	4.34412810e+01
6.60100000e+00	4.35732010e+01
6.61100000e+00	4.37053210e+01
6.62100000e+00	4.38376410e+01
6.63100000e+00	4.39701610e+01
6.64100000e+00	4.41028810e+01
6.65100000e+00	4.42358010e+01
6.66100000e+00	4.43689210e+01
6.67100000e+00	4.45022410e+01
6.68100000e+00	4.46357610e+01
6.69100000e+00	4.47694810e+01
6.70100000e+00	4.49034010e+01
6.71100000e+00	4.50375210e+01
6.72100000e+00	4.51718410e+01
6.73100000e+00	4.53063610e+01
6.74100000e+00	4.54410810e+01
6.75100000e+00	4.55760010e+01
6.76100000e+00	4.57111210e+01
6.77100000e+00	4.58464410e+01
6.78100000e+00	4.59819610e+01
6.79100000e+00	4.61176810e+01
6.80100000e+00	4.62536010e+01
6.81100000e+00	4.63897210e+01
6.82100000e+00	4.65260410e+01
6.83100000e+00	4.66625610e+01
6.84100000e+00	4.67992810e+01
6.85100000e+00	4.69362010e+01
6.86100000e+00	4.70733210e+01
6.87100000e+00	4.72106410e+01
6.88100000e+00	4.73481610e+01
6.89100000e+00	4.74858810e+01
6.90100000e+00	4.76238010e+01
6.91100000e+00	4.77619210e+01
6.92100000e+00	4.79002410e+01
6.93100000e+00	4.80387610e+01
6.94100000e+00	4.81774810e+01
6.95100000e+00	4.83164010e+01
6.96100000e+00	4.84555210e+01
6.97100000e+00	4.85948410e+01
6.98100000e+00	4.87343610e+01
6.99100000e+00	4.88740810e+01
7.00100000e+00	4.90140010e+01
7.01100000e+00	4.91541210e+01
7.02100000e+00	4.92944410e+01
7.03100000e+00	4.94349610e+01
7.04100000e+00	4.95756810e+01
7.05100000e+00	4.97166010e+01
7.06100000e+00	4.98577210e+01
7.07100000e+00	4.99990410e+01
7.08100000e+00	5.01405610e+01
7.09100000e+00	5.02822810e+01
7.10100000e+00	5.04242010e+01
7.11100000e+00	5.05663210e+01
7.12100000e+00	5.07086410e+01
7.13100000e+00	5.08511610e+01
7.14100000e+00	5.09938810e+01
7.15100000e+00	5.11368010e+01
7.16100000e+00	5.12799210e+01
7.17100000e+00	5.14232410e+01
7.18100000e+00	5.15667610e+01
7.19100000e+00	5.17104810e+01
7.20100000e+00	5.18544010e+01
7.21100000e+00	5.19985210e+01
7.22100000e+00	5.21428410e+01
7.23100000e+00	5.22873610e+01
7.24100000e+00	5.24320810e+01
7.25100000e+00	5.25770010e+01
7.26100000e+00	5.27221210e+01
7.27100000e+00	5.28674410e+01
7.28100000e+00	5.30129610e+01
7.29100000e+00	5.31586810e+01
7.30100000e+00	5.33046010e+01
7.31100000e+00	5.34507210e+01
7.32100000e+00	5.35970410e+01
7.33100000e+00	5.37435610e+01
7.34100000e+00	5.38902810e+01
7.35100000e+00	5.40372010e+01
7.36100000e+00	5.41843210e+01
7.37100000e+00	5.43316410e+01
7.38100000e+00	5.44791610e+01
7.39100000e+00	5.46268810e+01
7.40100000e+00	5.47748010e+01
7.41100000e+00	5.49229210e+01
7.42100000e+00	5.50712410e+01
7.43100000e+00	5.52197610e+01
7.44100000e+00	5.53684810e+01
7.45100000e+00	5.55174010e+01
7.46100000e+00	5.56665210e+01
7.47100000e+00	5.58158410e+01
7.48100000e+00	5.59653610e+01
7.49100000e+00	5.61150810e+01
7.50100000e+00	5.62650010e+01
7.51100000e+00	5.64151210e+01
7.52100000e+00	5.65654410e+01
7.53100000e+00	5.67159610e+01
7.54100000e+00	5.68666810e+01
7.55100000e+00	5.70176010e+01
7.56100000e+00	5.71687210e+01
7.57100000e+00	5.73200410e+01
7.58100000e+00	5.74715610e+01
7.59100000e+00	5.76232810e+01
7.60100000e+00	5.77752010e+01
7.61100000e+00	5.79273210e+01
7.62100000e+00	5.80796410e+01
7.63100000e+00	5.82321610e+01
7.64100000e+00	5.83848810e+01
7.65100000e+00	5.85378010e+01
7.66100000e+00	5.86909210e+01
7.67100000e+00	5.88442410e+01
7.68100000e+00	5.89977610e+01
7.69100000e+00	5.91514810e+01
7.70100000e+00	5.93054010e+01
7.71100000e+00	5.94595210e+01
7.72100000e+00	5.96138410e+01
7.73100000e+00	5.97683610e+01
7.74100000e+00	5.99230810e+01
7.75100000e+00	6.00780010e+01
7.76100000e+00	6.02331210e+01
7.77100000e+00	6.03884410e+01
7.78100000e+00	6.05439610e+01
7.79100000e+00	6.06996810e+01
7.80100000e+00	6.08556010e+01
7.81100000e+00	6.10117210e+01
7.82100000e+00	6.11680410e+01
7.83100000e+00	6.13245610e+01
7.84100000e+00	6.14812810e+01
7.85100000e+00	6.16382010e+01
7.86100000e+00	6.17953210e+01
7.87100000e+00	6.19526410e+01
7.88100000e+00	6.21101610e+01
7.89100000e+00	6.22678810e+01
7.90100000e+00	6.24258010e+01
7.91100000e+00	6.25839210e+01
7.92100000e+00	6.27422410e+01
7.93100000e+00	6.29007610e+01
7.94100000e+00	6.30594810e+01
7.95100000e+00	6.32184010e+01
7.96100000e+00	6.33775210e+01
7.97100000e+00	6.35368410e+01
7.98100000e+00	6.36963610e+01
7.99100000e+00	6.38560810e+01
8.00100000e+00	6.40160010e+01
8.01100000e+00	6.41761210e+01
8.02100000e+00	6.43364410e+01
8.03100000e+00	6.44969610e+01
8.04100000e+00	6.46576810e+01
8.05100000e+00	6.48186010e+01
8.06100000e+00	6.49797210e+01
8.07100000e+00	6.51410410e+01
8.08100000e+00	6.53025610e+01
8.09100000e+00	6.54642810e+01
8.10100000e+00	6.56262010e+01
8.11100000e+00	6.57883210e+01
8.12100000e+00	6.59506410e+01
8.13100000e+00	6.61131610e+01
8.14100000e+00	6.62758810e+01
8.15100000e+00	6.64388010e+01
8.16100000e+00	6.66019210e+01
8.17100000e+00	6.67652410e+01
8.18100000e+00	6.69287610e+01
8.19100000e+00	6.70924810e+01
8.20100000e+00	6.72564010e+01
8.21100000e+00	6.74205210e+01
8.22100000e+00	6.75848410e+01
8.23100000e+00	6.77493610e+01
8.24100000e+00	6.79140810e+01
8.25100000e+00	6.80790010e+01
8.26100000e+00	6.82441210e+01
8.27100000e+00	6.84094410e+01
8.28100000e+00	6.85749610e+01
8.29100000e+00	6.87406810e+01
8.30100000e+00	6.89066010e+01
8.31100000e+00	6.90727210e+01
8.32100000e+00	6.92390410e+01
8.33100000e+00	6.94055610e+01
8.34100000e+00	6.95722810e+01
8.35100000e+00	6.97392010e+01
8.36100000e+00	6.99063210e+01
8.37100000e+00	7.00736410e+01
8.38100000e+00	7.02411610e+01
8.39100000e+00	7.04088810e+01
8.40100000e+00	7.05768010e+01
8.41100000e+00	7.07449210e+01
8.42100000e+00	7.09132410e+01
8.43100000e+00	7.10817610e+01
8.44100000e+00	7.12504810e+01
8.45100000e+00	7.14194010e+01
8.46100000e+00	7.15885210e+01
8.47100000e+00	7.17578410e+01
8.48100000e+00	7.19273610e+01
8.49100000e+00	7.20970810e+01
8.50100000e+00	7.22670010e+01
8.51100000e+00	7.24371210e+01
8.52100000e+00	7.26074410e+01
8.53100000e+00	7.27779610e+01
8.54100000e+00	7.29486810e+01
8.55100000e+00	7.31196010e+01
8.56100000e+00	7.32907210e+01
8.57100000e+00	7.34620410e+01
8.58100000e+00	7.36335610e+01
8.59100000e+00	7.38052810e+01
8.60100000e+00	7.39772010e+01
8.61100000e+00	7.41493210e+01
8.62100000e+00	7.43216410e+01
8.63100000e+00	7.44941610e+01
8.64100000e+00	7.46668810e+01
8.65100000e+00	7.48398010e+01
8.66100000e+00	7.50129210e+01
8.67100000e+00	7.51862410e+01
8.68100000e+00	7.53597610e+01
8.69100000e+00	7.55334810e+01
8.70100000e+00	7.57074010e+01
8.71100000e+00	7.58815210e+01
8.72100000e+00	7.60558410e+01
8.73100000e+00	7.62303610e+01
8.74100000e+00	7.64050810e+01
8.75100000e+00	7.65800010e+01
8.76100000e+00	7.67551210e+01
8.77100000e+00	7.69304410e+01
8.78100000e+00	7.71059610e+01
8.79100000e+00	7.72816810e+01
8.80100000e+00	7.74576010e+01
8.81100000e+00	7.76337210e+01
8.82100000e+00	7.78100410e+01
8.83100000e+00	7.79865610e+01
8.84100000e+00	7.81632810e+01
8.85100000e+00	7.83402010e+01
8.86100000e+00	7.85173210e+01
8.87100000e+00	7.86946410e+01
8.88100000e+00	7.88721610e+01
8.89100000e+00	7.90498810e+01
8.90100000e+00	7.92278010e+01
8.91100000e+00	7.94059210e+01
8.92100000e+00	7.95842410e+01
8.93100000e+00	7.97627610e+01
8.94100000e+00	7.99414810e+01
8.95100000e+00	8.01204010e+01
8.96100000e+00	8.02995210e+01
8.97100000e+00	8.04788410e+01
8.98100000e+00	8.06583610e+01
8.99100000e+00	8.08380810e+01
9.00100000e+00	8.10180010e+01
9.01100000e+00	8.11981210e+01
9.02100000e+00	8.13784410e+01
9.03100000e+00	8.15589610e+01
9.04100000e+00	8.17396810e+01
9.05100000e+00	8.19206010e+01
9.06100000e+00	8.21017210e+01
9.07100000e+00	8.22830410e+01
9.08100000e+00	8.24645610e+01
9.09100000e+00	8.26462810e+01
9.10100000e+00	8.28282010e+01
9.11100000e+00	8.30103210e+01
9.12100000e+00	8.31926410e+01
9.13100000e+00	8.33751610e+01
9.14100000e+00	8.35578810e+01
9.15100000e+00	8.37408010e+01
9.16100000e+00	8.39239210e+01
9.17100000e+00	8.41072410e+01
9.18100000e+00	8.42907610e+01
9.19100000e+00	8.44744810e+01
9.20100000e+00	8.46584010e+01
9.21100000e+00	8.48425210e+01
9.22100000e+00	8.50268410e+01
9.23100000e+00	8.52113610e+01
9.24100000e+00	8.53960810e+01
9.25100000e+00	8.55810010e+01
9.26100000e+00	8.57661210e+01
9.27100000e+00	8.59514410e+01
9.28100000e+00	8.61369610e+01
9.29100000e+00	8.63226810e+01
9.30100000e+00	8.65086010e+01
9.31100000e+00	8.66947210e+01
9.32100000e+00	8.68810410e+01
9.33100000e+00	8.70675610e+01
9.34100000e+00	8.72542810e+01
9.35100000e+00	8.74412010e+01
9.36100000e+00	8.76283210e+01
9.37100000e+00	8.78156410e+01
9.38100000e+00	8.80031610e+01
9.39100000e+00	8.81908810e+01
9.40100000e+00	8.83788010e+01
9.41100000e+00	8.85669210e+01
9.42100000e+00	8.87552410e+01
9.43100000e+00	8.89437610e+01
9.44100000e+00	8.91324810e+01
9.45100000e+00	8.93214010e+01
9.46100000e+00	8.95105210e+01
9.47100000e+00	8.96998410e+01
9.48100000e+00	8.98893610e+01
9.49100000e+00	9.00790810e+01
9.50100000e+00	9.02690010e+01
9.51100000e+00	9.04591210e+01
9.52100000e+00	9.06494410e+01
9.53100000e+00	9.08399610e+01
9.54100000e+00	9.10306810e+01
9.55100000e+00	9.12216010e+01
9.56100000e+00	9.14127210e+01
9.57100000e+00	9.16040410e+01
9.58100000e+00	9.17955610e+01
9.59100000e+00	9.19872810e+01
9.60100000e+00	9.21792010e+01
9.61100000e+00	9.23713210e+01
9.62100000e+00	9.25636410e+01
9.63100000e+00	9.27561610e+01
9.64100000e+00	9.29488810e+01
9.65100000e+00	9.31418010e+01
9.66100000e+00	9.33349210e+01
9.67100000e+00	9.35282410e+01
9.68100000e+00	9.37217610e+01
9.69100000e+00	9.39154810e+01
9.70100000e+00	9.41094010e+01
9.71100000e+00	9.43035210e+01
9.72100000e+00	9.44978410e+01
9.73100000e+00	9.46923610e+01
9.74100000e+00	9.48870810e+01
9.75100000e+00	9.50820010e+01
9.76100000e+00	9.52771210e+01
9.77100000e+00	9.54724410e+01
9.78100000e+00	9.56679610e+01
9.79100000e+00	9.58636810e+01
9.80100000e+00	9.60596010e+01
9.81100000e+00	9.62557210e+01
9.82100000e+00	9.64520410e+01
9.83100000e+00	9.66485610e+01
9.84100000e+00	9.68452810e+01
9.85100000e+00	9.70422010e+01
9.86100000e+00	9.72393210e+01
9.87100000e+00	9.74366410e+01
9.88100000e+00	9.76341610e+01
9.89100000e+00	9.78318810e+01
9.90100000e+00	9.80298010e+01
9.91100000e+00	9.82279210e+01
9.92100000e+00	9.84262410e+01
9.93100000e+00	9.86247610e+01
9.94100000e+00	9.88234810e+01
9.95100000e+00	9.90224010e+01
9.96100000e+00	9.92215210e+01
9.97100000e+00	9.94208410e+01
9.98100000e+00	9.96203610e+01
9.99100000e+00	9.98200810e+01
1.00010000e+01	1.00020001e+02
1.00110000e+01	1.00220121e+02
1.00210000e+01	1.00420441e+02
1.00310000e+01	1.00620961e+02
1.00410000e+01	1.00821681e+02
1.00510000e+01	1.01022601e+02
1.00610000e+01	1.01223721e+02
1.00710000e+01	1.01425041e+02
1.00810000e+01	1.01626561e+02
1.00910000e+01	1.01828281e+02
1.01010000e+01	1.02030201e+02
1.01110000e+01	1.02232321e+02
1.01210000e+01	1.02434641e+02
1.01310000e+01	1.02637161e+02
1.01410000e+01	1.02839881e+02
1.01510000e+01	1.03042801e+02
1.01610000e+01	1.03245921e+02
1.01710000e+01	1.03449241e+02
1.01810000e+01	1.03652761e+02
1.01910000e+01	1.03856481e+02
1.02010000e+01	1.04060401e+02
1.02110000e+01	1.04264521e+02
1.02210000e+01	1.04468841e+02
1.02310000e+01	1.04673361e+02
1.02410000e+01	1.04878081e+02
1.02510000e+01	1.05083001e+02
1.02610000e+01	1.05288121e+02
1.02710000e+01	1.05493441e+02
1.02810000e+01	1.05698961e+02
1.02910000e+01	1.05904681e+02
1.03010000e+01	1.06110601e+02
1.03110000e+01	1.06316721e+02
1.03210000e+01	1.06523041e+02
1.03310000e+01	1.06729561e+02
1.03410000e+01	1.06936281e+02
1.03510000e+01	1.07143201e+02
1.03610000e+01	1.07350321e+02
1.03710000e+01	1.07557641e+02
1.03810000e+01	1.07765161e+02
1.03910000e+01	1.07972881e+02
1.04010000e+01	1.08180801e+02
1.04110000e+01	1.08388921e+02
1.04210000e+01	1.08597241e+02
1.04310000e+01	1.08805761e+02
1.04410000e+01	1.09014481e+02
1.04510000e+01	1.09223401e+02
1.04610000e+01	1.09432521e+02
1.04710000e+01	1.09641841e+02
1.04810000e+01	1.09851361e+02
1.04910000e+01	1.10061081e+02
1.05010000e+01	1.10271001e+02
1.05110000e+01	1.10481121e+02
1.05210000e+01	1.10691441e+02
1.05310000e+01	1.10901961e+02
1.05410000e+01	1.11112681e+02
1.05510000e+01	1.11323601e+02
1.05610000e+01	1.11534721e+02
1.05710000e+01	1.11746041e+02
1.05810000e+01	1.11957561e+02
1.05910000e+01	1.12169281e+02
1.06010000e+01	1.12381201e+02
1.06110000e+01	1.12593321e+02
1.06210000e+01	1.12805641e+02
1.06310000e+01	1.13018161e+02
1.06410000e+01	1.13230881e+02
1.06510000e+01	1.13443801e+02
1.06610000e+01	1.13656921e+02
1.06710000e+01	1.13870241e+02
1.06810000e+01	1.14083761e+02
1.06910000e+01	1.14297481e+02
1.07010000e+01	1.14511401e+02
1.07110000e+01	1.14725521e+02
1.07210000e+01	1.14939841e+02
1.07310000e+01	1.15154361e+02
1.07410000e+01	1.15369081e+02
1.07510000e+01	1.15584001e+02
1.07610000e+01	1.15799121e+02
1.07710000e+01	1.16014441e+02
1.07810000e+01	1.16229961e+02
1.07910000e+01	1.16445681e+02
1.08010000e+01	1.16661601e+02
1.08110000e+01	1.16877721e+02
1.08210000e+01	1.17094041e+02
1.08310000e+01	1.17310561e+02
1.08410000e+01	1.17527281e+02
1.08510000e+01	1.17744201e+02
1.08610000e+01	1.17961321e+02
1.08710000e+01	1.18178641e+02
1.08810000e+01	1.18396161e+02
1.08910000e+01	1.18613881e+02
1.09010000e+01	1.18831801e+02
1.09110000e+01	1.19049921e+02
1.09210000e+01	1.19268241e+02
1.09310000e+01	1.19486761e+02
1.09410000e+01	1.19705481e+02
1.09510000e+01	1.19924401e+02
1.09610000e+01	1.20143521e+02
1.09710000e+01	1.20362841e+02
1.09810000e+01	1.20582361e+02
1.09910000e+01	1.20802081e+02
1.10010000e+01	1.21022001e+02
1.10110000e+01	1.21242121e+02
1.10210000e+01	1.21462441e+02
1.10310000e+01	1.21682961e+02
1.10410000e+01	1.21903681e+02
1.10510000e+01	1.22124601e+02
1.10610000e+01	1.22345721e+02
1.10710000e+01	1.22567041e+02
1.10810000e+01	1.22788561e+02
1.10910000e+01	1.23010281e+02
1.11010000e+01	1.23232201e+02
1.11110000e+01	1.23454321e+02
1.11210000e+01	1.23676641e+02
1.11310000e+01	1.23899161e+02
1.11410000e+01	1.24121881e+02
1.11510000e+01	1.24344801e+02
1.11610000e+01	1.24567921e+02
1.11710000e+01	1.24791241e+02
1.11810000e+01	1.25014761e+02
1.11910000e+01	1.25238481e+02
1.12010000e+01	1.25462401e+02
1.12110000e+01	1.25686521e+02
1.12210000e+01	1.25910841e+02
1.12310000e+01	1.26135361e+02
1.12410000e+01	1.26360081e+02
1.12510000e+01	1.26585001e+02
1.12610000e+01	1.26810121e+02
1.12710000e+01	1.27035441e+02
1.12810000e+01	1.27260961e+02
1.12910000e+01	1.27486681e+02
1.13010000e+01	1.27712601e+02
1.13110000e+01	1.27938721e+02
1.13210000e+01	1.28165041e+02
1.13310000e+01	1.28391561e+02
1.13410000e+01	1.28618281e+02
1.13510000e+01	1.28845201e+02
1.13610000e+01	1.29072321e+02
1.13710000e+01	1.29299641e+02
1.13810000e+01	1.29527161e+02
1.13910000e+01	1.29754881e+02
1.14010000e+01	1.29982801e+02
1.14110000e+01	1.30210921e+02
1.14210000e+01	1.30439241e+02
1.14310000e+01	1.30667761e+02
1.14410000e+01	1.30896481e+02
1.14510000e+01	1.31125401e+02
1.14610000e+01	1.31354521e+02
1.14710000e+01	1.31583841e+02
1.14810000e+01	1.31813361e+02
1.14910000e+01	1.32043081e+02
1.15010000e+01	1.32273001e+02
1.15110000e+01	1.32503121e+02
1.15210000e+01	1.32733441e+02
1.15310000e+01	1.32963961e+02
1.15410000e+01	1.33194681e+02
1.15510000e+01	1.33425601e+02
1.15610000e+01	1.33656721e+02
1.15710000e+01	1.33888041e+02
1.15810000e+01	1.34119561e+02
1.15910000e+01	1.34351281e+02
1.16010000e+01	1.34583201e+02
1.16110000e+01	1.34815321e+02
1.16210000e+01	1.35047641e+02
1.16310000e+01	1.35280161e+02
1.16410000e+01	1.35512881e+02
1.16510000e+01	1.35745801e+02
1.16610000e+01	1.35978921e+02
1.16710000e+01	1.36212241e+02
1.16810000e+01	1.36445761e+02
1.16910000e+01	1.36679481e+02
1.17010000e+01	1.36913401e+02
1.17110000e+01	1.37147521e+02
1.17210000e+01	1.37381841e+02
1.17310000e+01	1.37616361e+02
1.17410000e+01	1.37851081e+02
1.17510000e+01	1.38086001e+02
1.17610000e+01	1.38321121e+02
1.17710000e+01	1.38556441e+02
1.17810000e+01	1.38791961e+02
1.17910000e+01	1.39027681e+02
1.18010000e+01	1.39263601e+02
1.18110000e+01	1.39499721e+02
1.18210000e+01	1.39736041e+02
1.18310000e+01	1.39972561e+02
1.18410000e+01	1.40209281e+02
1.18510000e+01	1.40446201e+02
1.18610000e+01	1.40683321e+02
1.18710000e+01	1.40920641e+02
1.18810000e+01	1.41158161e+02
1.18910000e+01	1.41395881e+02
1.19010000e+01	1.41633801e+02
1.19110000e+01	1.41871921e+02
1.19210000e+01	1.42110241e+02
1.19310000e+01	1.42348761e+02
1.19410000e+01	1.42587481e+02
1.19510000e+01	1.42826401e+02
1.19610000e+01	1.43065521e+02
1.19710000e+01	1.43304841e+02
1.19810000e+01	1.43544361e+02
1.19910000e+01	1.43784081e+02
1.20010000e+01	1.44024001e+02
1.20110000e+01	1.44264121e+02
1.20210000e+01	1.44504441e+02
1.20310000e+01	1.44744961e+02
1.20410000e+01	1.44985681e+02
1.20510000e+01	1.45226601e+02
1.20610000e+01	1.45467721e+02
1.20710000e+01	1.45709041e+02
1.20810000e+01	1.45950561e+02
1.20910000e+01	1.46192281e+02
1.21010000e+01	1.46434201e+02
1.21110000e+01	1.46676321e+02
1.21210000e+01	1.46918641e+02
1.21310000e+01	1.47161161e+02
1.21410000e+01	1.47403881e+02
1.21510000e+01	1.47646801e+02
1.21610000e+01	1.47889921e+02
1.21710000e+01	1.48133241e+02
1.21810000e+01	1.48376761e+02
1.21910000e+01	1.48620481e+02
1.22010000e+01	1.48864401e+02
1.22110000e+01	1.49108521e+02
1.22210000e+01	1.49352841e+02
1.22310000e+01	1.49597361e+02
1.22410000e+01	1.49842081e+02
1.22510000e+01	1.50087001e+02
1.22610000e+01	1.50332121e+02
1.22710000e+01	1.50577441e+02
1.22810000e+01	1.50822961e+02
1.22910000e+01	1.51068681e+02
1.23010000e+01	1.51314601e+02
1.23110000e+01	1.51560721e+02
1.23210000e+01	1.51807041e+02
1.23310000e+01	1.52053561e+02
1.23410000e+01	1.52300281e+02
1.23510000e+01	1.52547201e+02
1.23610000e+01	1.52794321e+02
1.23710000e+01	1.53041641e+02
1.23810000e+01	1.53289161e+02
1.23910000e+01	1.53536881e+02
1.24010000e+01	1.53784801e+02
1.24110000e+01	1.54032921e+02
1.24210000e+01	1.54281241e+02
1.24310000e+01	1.54529761e+02
1.24410000e+01	1.54778481e+02
1.24510000e+01	1.55027401e+02
1.24610000e+01	1.55276521e+02
1.24710000e+01	1.55525841e+02
1.24810000e+01	1.55775361e+02
1.24910000e+01	1.56025081e+02
1.25010000e+01	1.56275001e+02
1.25110000e+01	1.56525121e+02
1.25210000e+01	1.56775441e+02
1.25310000e+01	1.57025961e+02
1.25410000e+01	1.57276681e+02
1.25510000e+01	1.57527601e+02
1.25610000e+01	1.57778721e+02
1.25710000e+01	1.58030041e+02
1.25810000e+01	1.58281561e+02
1.25910000e+01	1.58533281e+02
1.26010000e+01	1.58785201e+02
1.26110000e+01	1.59037321e+02
1.26210000e+01	1.59289641e+02
1.26310000e+01	1.59542161e+02
1.26410000e+01	1.59794881e+02
1.26510000e+01	1.60047801e+02
1.26610000e+01	1.60300921e+02
1.26710000e+01	1.60554241e+02
1.26810000e+01	1.60807761e+02
1.26910000e+01	1.61061481e+02
1.27010000e+01	1.61315401e+02
1.27110000e+01	1.61569521e+02
1.27210000e+01	1.61823841e+02
1.27310000e+01	1.62078361e+02
1.27410000e+01	1.62333081e+02
1.27510000e+01	1.62588001e+02
1.27610000e+01	1.62843121e+02
1.27710000e+01	1.63098441e+02
1.27810000e+01	1.63353961e+02
1.27910000e+01	1.63609681e+02
1.28010000e+01	1.63865601e+02
1.28110000e+01	1.64121721e+02
1.28210000e+01	1.64378041e+02
1.28310000e+01	1.64634561e+02
1.28410000e+01	1.64891281e+02
1.28510000e+01	1.65148201e+02
1.28610000e+01	1.65405321e+02
1.28710000e+01	1.65662641e+02
1.28810000e+01	1.65920161e+02
1.28910000e+01	1.66177881e+02
1.29010000e+01	1.66435801e+02
1.29110000e+01	1.66693921e+02
1.29210000e+01	1.66952241e+02
1.29310000e+01	1.67210761e+02
1.29410000e+01	1.67469481e+02
1.29510000e+01	1.67728401e+02
1.29610000e+01	1.67987521e+02
1.29710000e+01	1.68246841e+02
1.29810000e+01	1.68506361e+02
1.29910000e+01	1.68766081e+02
1.30010000e+01	1.69026001e+02
1.30110000e+01	1.69286121e+02
1.30210000e+01	1.69546441e+02
1.30310000e+01	1.69806961e+02
1.30410000e+01	1.70067681e+02
1.30510000e+01	1.70328601e+02
1.30610000e+01	1.70589721e+02
1.30710000e+01	1.70851041e+02
1.30810000e+01	1.71112561e+02
1.30910000e+01	1.71374281e+02
1.31010000e+01	1.71636201e+02
1.31110000e+01	1.71898321e+02
1.31210000e+01	1.72160641e+02
1.31310000e+01	1.72423161e+02
1.31410000e+01	1.72685881e+02
1.31510000e+01	1.72948801e+02
1.31610000e+01	1.73211921e+02
1.31710000e+01	1.73475241e+02
1.31810000e+01	1.73738761e+02
1.31910000e+01	1.74002481e+02
1.32010000e+01	1.74266401e+02
1.32110000e+01	1.74530521e+02
1.32210000e+01	1.74794841e+02
1.32310000e+01	1.75059361e+02
1.32410000e+01	1.75324081e+02
1.32510000e+01	1.75589001e+02
1.32610000e+01	1.75854121e+02
1.32710000e+01	1.76119441e+02
1.32810000e+01	1.76384961e+02
1.32910000e+01	1.76650681e+02
1.33010000e+01	1.76916601e+02
1.33110000e+01	1.77182721e+02
1.33210000e+01	1.77449041e+02
1.33310000e+01	1.77715561e+02
1.33410000e+01	1.77982281e+02
1.33510000e+01	1.78249201e+02
1.33610000e+01	1.78516321e+02
1.33710000e+01	1.78783641e+02
1.33810000e+01	1.79051161e+02
1.33910000e+01	1.79318881e+02
1.34010000e+01	1.79586801e+02
1.34110000e+01	1.79854921e+02
1.34210000e+01	1.80123241e+02
1.34310000e+01	1.80391761e+02
1.34410000e+01	1.80660481e+02
1.34510000e+01	1.80929401e+02
1.34610000e+01	1.81198521e+02
1.34710000e+01	1.81467841e+02
1.34810000e+01	1.81737361e+02
1.34910000e+01	1.82007081e+02
1.35010000e+01	1.82277001e+02
1.35110000e+01	1.82547121e+02
1.35210000e+01	1.82817441e+02
1.35310000e+01	1.83087961e+02
1.35410000e+01	1.83358681e+02
1.35510000e+01	1.83629601e+02
1.35610000e+01	1.83900721e+02
1.35710000e+01	1.84172041e+02
1.35810000e+01	1.84443561e+02
1.35910000e+01	1.84715281e+02
1.36010000e+01	1.84987201e+02
1.36110000e+01	1.85259321e+02
1.36210000e+01	1.85531641e+02
1.36310000e+01	1.85804161e+02
1.36410000e+01	1.86076881e+02
1.36510000e+01	1.86349801e+02
1.36610000e+01	1.86622921e+02
1.36710000e+01	1.86896241e+02
1.36810000e+01	1.87169761e+02
1.36910000e+01	1.87443481e+02
1.37010000e+01	1.87717401e+02
1.37110000e+01	1.87991521e+02
1.37210000e+01	1.88265841e+02
1.37310000e+01	1.88540361e+02
1.37410000e+01	1.88815081e+02
1.37510000e+01	1.89090001e+02
1.37610000e+01	1.89365121e+02
1.37710000e+01	1.89640441e+02
1.37810000e+01	1.89915961e+02
1.37910000e+01	1.90191681e+02
1.38010000e+01	1.90467601e+02
1.38110000e+01	1.90743721e+02
1.38210000e+01	1.91020041e+02
1.38310000e+01	1.91296561e+02
1.38410000e+01	1.91573281e+02
1.38510000e+01	1.91850201e+02
1.38610000e+01	1.92127321e+02
1.38710000e+01	1.92404641e+02
1.38810000e+01	1.92682161e+02
1.38910000e+01	1.92959881e+02
1.39010000e+01	1.93237801e+02
1.39110000e+01	1.93515921e+02
1.39210000e+01	1.93794241e+02
1.39310000e+01	1.94072761e+02
1.39410000e+01	1.94351481e+02
1.39510000e+01	1.94630401e+02
1.39610000e+01	1.94909521e+02
1.39710000e+01	1.95188841e+02
1.39810000e+01	1.95468361e+02
1.39910000e+01	1.95748081e+02
1.40010000e+01	1.96028001e+02
