a w(a)
1.0000000000e-06 -1.0310004460e+00
1.0069351484e-06 -1.0310004491e+00
1.0139183931e-06 -1.0310004522e+00
1.0209500677e-06 -1.0310004553e+00
1.0280305079e-06 -1.0310004585e+00
1.0351600520e-06 -1.0310004617e+00
1.0423390406e-06 -1.0310004649e+00
1.0495678166e-06 -1.0310004681e+00
1.0568467252e-06 -1.0310004714e+00
1.0641761141e-06 -1.0310004746e+00
1.0715563334e-06 -1.0310004779e+00
1.0789877356e-06 -1.0310004812e+00
1.0864706757e-06 -1.0310004846e+00
1.0940055110e-06 -1.0310004879e+00
1.1015926016e-06 -1.0310004913e+00
1.1092323098e-06 -1.0310004947e+00
1.1169250005e-06 -1.0310004981e+00
1.1246710412e-06 -1.0310005016e+00
1.1324708017e-06 -1.0310005051e+00
1.1403246548e-06 -1.0310005086e+00
1.1482329756e-06 -1.0310005121e+00
1.1561961417e-06 -1.0310005157e+00
1.1642145335e-06 -1.0310005192e+00
1.1722885341e-06 -1.0310005228e+00
1.1804185290e-06 -1.0310005265e+00
1.1886049067e-06 -1.0310005301e+00
1.1968480582e-06 -1.0310005338e+00
1.2051483771e-06 -1.0310005375e+00
1.2135062600e-06 -1.0310005412e+00
1.2219221060e-06 -1.0310005450e+00
1.2303963171e-06 -1.0310005488e+00
1.2389292982e-06 -1.0310005526e+00
1.2475214568e-06 -1.0310005564e+00
1.2561732032e-06 -1.0310005603e+00
1.2648849508e-06 -1.0310005641e+00
1.2736571157e-06 -1.0310005681e+00
1.2824901168e-06 -1.0310005720e+00
1.2913843761e-06 -1.0310005760e+00
1.3003403184e-06 -1.0310005800e+00
1.3093583715e-06 -1.0310005840e+00
1.3184389662e-06 -1.0310005880e+00
1.3275825361e-06 -1.0310005921e+00
1.3367895180e-06 -1.0310005962e+00
1.3460603517e-06 -1.0310006003e+00
1.3553954800e-06 -1.0310006045e+00
1.3647953488e-06 -1.0310006087e+00
1.3742604071e-06 -1.0310006129e+00
1.3837911070e-06 -1.0310006172e+00
1.3933879037e-06 -1.0310006215e+00
1.4030512556e-06 -1.0310006258e+00
1.4127816243e-06 -1.0310006301e+00
1.4225794746e-06 -1.0310006345e+00
1.4324452744e-06 -1.0310006389e+00
1.4423794949e-06 -1.0310006433e+00
1.4523826108e-06 -1.0310006478e+00
1.4624550998e-06 -1.0310006523e+00
1.4725974429e-06 -1.0310006568e+00
1.4828101248e-06 -1.0310006613e+00
1.4930936331e-06 -1.0310006659e+00
1.5034484590e-06 -1.0310006705e+00
1.5138750972e-06 -1.0310006752e+00
1.5243740457e-06 -1.0310006799e+00
1.5349458059e-06 -1.0310006846e+00
1.5455908829e-06 -1.0310006893e+00
1.5563097851e-06 -1.0310006941e+00
1.5671030244e-06 -1.0310006989e+00
1.5779711165e-06 -1.0310007038e+00
1.5889145804e-06 -1.0310007087e+00
1.5999339388e-06 -1.0310007136e+00
1.6110297181e-06 -1.0310007185e+00
1.6222024483e-06 -1.0310007235e+00
1.6334526631e-06 -1.0310007285e+00
1.6447808997e-06 -1.0310007336e+00
1.6561876994e-06 -1.0310007387e+00
1.6676736069e-06 -1.0310007438e+00
1.6792391708e-06 -1.0310007489e+00
1.6908849437e-06 -1.0310007541e+00
1.7026114817e-06 -1.0310007594e+00
1.7144193451e-06 -1.0310007646e+00
1.7263090977e-06 -1.0310007699e+00
1.7382813075e-06 -1.0310007753e+00
1.7503365463e-06 -1.0310007807e+00
1.7624753901e-06 -1.0310007861e+00
1.7746984185e-06 -1.0310007915e+00
1.7870062154e-06 -1.0310007970e+00
1.7993993687e-06 -1.0310008025e+00
1.8118784704e-06 -1.0310008081e+00
1.8244441165e-06 -1.0310008137e+00
1.8370969072e-06 -1.0310008193e+00
1.8498374469e-06 -1.0310008250e+00
1.8626663442e-06 -1.0310008307e+00
1.8755842117e-06 -1.0310008365e+00
1.8885916666e-06 -1.0310008423e+00
1.9016893301e-06 -1.0310008482e+00
1.9148778279e-06 -1.0310008540e+00
1.9281577898e-06 -1.0310008600e+00
1.9415298502e-06 -1.0310008659e+00
1.9549946479e-06 -1.0310008719e+00
1.9685528259e-06 -1.0310008780e+00
1.9822050320e-06 -1.0310008841e+00
1.9959519180e-06 -1.0310008902e+00
2.0097941408e-06 -1.0310008964e+00
2.0237323615e-06 -1.0310009026e+00
2.0377672458e-06 -1.0310009088e+00
2.0518994640e-06 -1.0310009151e+00
2.0661296914e-06 -1.0310009215e+00
2.0804586074e-06 -1.0310009279e+00
2.0948868966e-06 -1.0310009343e+00
2.1094152482e-06 -1.0310009408e+00
2.1240443560e-06 -1.0310009473e+00
2.1387749189e-06 -1.0310009539e+00
2.1536076403e-06 -1.0310009605e+00
2.1685432290e-06 -1.0310009672e+00
2.1835823981e-06 -1.0310009739e+00
2.1987258661e-06 -1.0310009806e+00
2.2139743563e-06 -1.0310009874e+00
2.2293285971e-06 -1.0310009943e+00
2.2447893218e-06 -1.0310010012e+00
2.2603572689e-06 -1.0310010081e+00
2.2760331820e-06 -1.0310010151e+00
2.2918178099e-06 -1.0310010222e+00
2.3077119066e-06 -1.0310010292e+00
2.3237162312e-06 -1.0310010364e+00
2.3398315481e-06 -1.0310010436e+00
2.3560586271e-06 -1.0310010508e+00
2.3723982434e-06 -1.0310010581e+00
2.3888511773e-06 -1.0310010654e+00
2.4054182148e-06 -1.0310010728e+00
2.4221001471e-06 -1.0310010803e+00
2.4388977711e-06 -1.0310010877e+00
2.4558118891e-06 -1.0310010953e+00
2.4728433091e-06 -1.0310011029e+00
2.4899928444e-06 -1.0310011105e+00
2.5072613143e-06 -1.0310011182e+00
2.5246495437e-06 -1.0310011260e+00
2.5421583630e-06 -1.0310011338e+00
2.5597886085e-06 -1.0310011417e+00
2.5775411224e-06 -1.0310011496e+00
2.5954167527e-06 -1.0310011576e+00
2.6134163530e-06 -1.0310011656e+00
2.6315407833e-06 -1.0310011737e+00
2.6497909092e-06 -1.0310011818e+00
2.6681676024e-06 -1.0310011900e+00
2.6866717408e-06 -1.0310011983e+00
2.7053042080e-06 -1.0310012066e+00
2.7240658942e-06 -1.0310012149e+00
2.7429576955e-06 -1.0310012234e+00
2.7619805142e-06 -1.0310012318e+00
2.7811352590e-06 -1.0310012404e+00
2.8004228448e-06 -1.0310012490e+00
2.8198441929e-06 -1.0310012577e+00
2.8394002308e-06 -1.0310012664e+00
2.8590918929e-06 -1.0310012752e+00
2.8789201195e-06 -1.0310012840e+00
2.8988858578e-06 -1.0310012929e+00
2.9189900614e-06 -1.0310013019e+00
2.9392336907e-06 -1.0310013109e+00
2.9596177126e-06 -1.0310013200e+00
2.9801431007e-06 -1.0310013291e+00
3.0008108354e-06 -1.0310013384e+00
3.0216219039e-06 -1.0310013476e+00
3.0425773003e-06 -1.0310013570e+00
3.0636780254e-06 -1.0310013664e+00
3.0849250872e-06 -1.0310013759e+00
3.1063195006e-06 -1.0310013854e+00
3.1278622873e-06 -1.0310013950e+00
3.1495544765e-06 -1.0310014047e+00
3.1713971043e-06 -1.0310014144e+00
3.1933912139e-06 -1.0310014243e+00
3.2155378559e-06 -1.0310014341e+00
3.2378380882e-06 -1.0310014441e+00
3.2602929759e-06 -1.0310014541e+00
3.2829035915e-06 -1.0310014642e+00
3.3056710152e-06 -1.0310014743e+00
3.3285963343e-06 -1.0310014846e+00
3.3516806439e-06 -1.0310014948e+00
3.3749250466e-06 -1.0310015052e+00
3.3983306527e-06 -1.0310015157e+00
3.4218985801e-06 -1.0310015262e+00
3.4456299546e-06 -1.0310015368e+00
3.4695259098e-06 -1.0310015474e+00
3.4935875869e-06 -1.0310015581e+00
3.5178161353e-06 -1.0310015689e+00
3.5422127123e-06 -1.0310015798e+00
3.5667784832e-06 -1.0310015908e+00
3.5915146213e-06 -1.0310016018e+00
3.6164223083e-06 -1.0310016129e+00
3.6415027337e-06 -1.0310016241e+00
3.6667570956e-06 -1.0310016354e+00
3.6921866003e-06 -1.0310016467e+00
3.7177924624e-06 -1.0310016581e+00
3.7435759049e-06 -1.0310016696e+00
3.7695381594e-06 -1.0310016812e+00
3.7956804660e-06 -1.0310016929e+00
3.8220040733e-06 -1.0310017046e+00
3.8485102388e-06 -1.0310017164e+00
3.8752002285e-06 -1.0310017283e+00
3.9020753173e-06 -1.0310017403e+00
3.9291367887e-06 -1.0310017524e+00
3.9563859355e-06 -1.0310017645e+00
3.9838240591e-06 -1.0310017768e+00
4.0114524703e-06 -1.0310017891e+00
4.0392724885e-06 -1.0310018015e+00
4.0672854427e-06 -1.0310018140e+00
4.0954926709e-06 -1.0310018266e+00
4.1238955204e-06 -1.0310018393e+00
4.1524953479e-06 -1.0310018520e+00
4.1812935194e-06 -1.0310018649e+00
4.2102914106e-06 -1.0310018778e+00
4.2394904064e-06 -1.0310018908e+00
4.2688919016e-06 -1.0310019039e+00
4.2984973005e-06 -1.0310019171e+00
4.3283080172e-06 -1.0310019304e+00
4.3583254757e-06 -1.0310019438e+00
4.3885511097e-06 -1.0310019573e+00
4.4189863630e-06 -1.0310019709e+00
4.4496326893e-06 -1.0310019845e+00
4.4804915524e-06 -1.0310019983e+00
4.5115644263e-06 -1.0310020122e+00
4.5428527952e-06 -1.0310020261e+00
4.5743581535e-06 -1.0310020402e+00
4.6060820062e-06 -1.0310020543e+00
4.6380258686e-06 -1.0310020686e+00
4.6701912663e-06 -1.0310020829e+00
4.7025797359e-06 -1.0310020974e+00
4.7351928243e-06 -1.0310021119e+00
4.7680320893e-06 -1.0310021265e+00
4.8010990995e-06 -1.0310021413e+00
4.8343954343e-06 -1.0310021561e+00
4.8679226842e-06 -1.0310021711e+00
4.9016824504e-06 -1.0310021862e+00
4.9356763457e-06 -1.0310022013e+00
4.9699059937e-06 -1.0310022166e+00
5.0043730294e-06 -1.0310022320e+00
5.0390790991e-06 -1.0310022474e+00
5.0740258605e-06 -1.0310022630e+00
5.1092149829e-06 -1.0310022787e+00
5.1446481471e-06 -1.0310022945e+00
5.1803270456e-06 -1.0310023104e+00
5.2162533825e-06 -1.0310023264e+00
5.2524288739e-06 -1.0310023426e+00
5.2888552477e-06 -1.0310023588e+00
5.3255342438e-06 -1.0310023752e+00
5.3624676141e-06 -1.0310023917e+00
5.3996571229e-06 -1.0310024082e+00
5.4371045465e-06 -1.0310024249e+00
5.4748116735e-06 -1.0310024418e+00
5.5127803050e-06 -1.0310024587e+00
5.5510122546e-06 -1.0310024758e+00
5.5895093484e-06 -1.0310024929e+00
5.6282734253e-06 -1.0310025102e+00
5.6673063368e-06 -1.0310025276e+00
5.7066099474e-06 -1.0310025451e+00
5.7461861344e-06 -1.0310025628e+00
5.7860367880e-06 -1.0310025806e+00
5.8261638119e-06 -1.0310025985e+00
5.8665691226e-06 -1.0310026165e+00
5.9072546502e-06 -1.0310026346e+00
5.9482223379e-06 -1.0310026529e+00
5.9894741426e-06 -1.0310026713e+00
6.0310120348e-06 -1.0310026898e+00
6.0728379983e-06 -1.0310027085e+00
6.1149540311e-06 -1.0310027273e+00
6.1573621449e-06 -1.0310027462e+00
6.2000643652e-06 -1.0310027652e+00
6.2430627318e-06 -1.0310027844e+00
6.2863592984e-06 -1.0310028037e+00
6.3299561332e-06 -1.0310028232e+00
6.3738553184e-06 -1.0310028427e+00
6.4180589510e-06 -1.0310028625e+00
6.4625691424e-06 -1.0310028823e+00
6.5073880186e-06 -1.0310029023e+00
6.5525177203e-06 -1.0310029224e+00
6.5979604032e-06 -1.0310029427e+00
6.6437182378e-06 -1.0310029631e+00
6.6897934098e-06 -1.0310029836e+00
6.7361881200e-06 -1.0310030043e+00
6.7829045844e-06 -1.0310030252e+00
6.8299450343e-06 -1.0310030462e+00
6.8773117168e-06 -1.0310030673e+00
6.9250068943e-06 -1.0310030886e+00
6.9730328449e-06 -1.0310031100e+00
7.0213918626e-06 -1.0310031315e+00
7.0700862572e-06 -1.0310031533e+00
7.1191183547e-06 -1.0310031751e+00
7.1684904971e-06 -1.0310031971e+00
7.2182050427e-06 -1.0310032193e+00
7.2682643659e-06 -1.0310032416e+00
7.3186708580e-06 -1.0310032641e+00
7.3694269266e-06 -1.0310032868e+00
7.4205349961e-06 -1.0310033096e+00
7.4719975076e-06 -1.0310033325e+00
7.5238169193e-06 -1.0310033556e+00
7.5759957063e-06 -1.0310033789e+00
7.6285363609e-06 -1.0310034023e+00
7.6814413928e-06 -1.0310034259e+00
7.7347133289e-06 -1.0310034497e+00
7.7883547138e-06 -1.0310034736e+00
7.8423681097e-06 -1.0310034977e+00
7.8967560965e-06 -1.0310035220e+00
7.9515212720e-06 -1.0310035464e+00
8.0066662521e-06 -1.0310035710e+00
8.0621936709e-06 -1.0310035957e+00
8.1181061806e-06 -1.0310036207e+00
8.1744064518e-06 -1.0310036458e+00
8.2310971738e-06 -1.0310036711e+00
8.2881810543e-06 -1.0310036965e+00
8.3456608200e-06 -1.0310037222e+00
8.4035392164e-06 -1.0310037480e+00
8.4618190081e-06 -1.0310037740e+00
8.5205029788e-06 -1.0310038001e+00
8.5795939316e-06 -1.0310038265e+00
8.6390946888e-06 -1.0310038530e+00
8.6990080927e-06 -1.0310038798e+00
8.7593370049e-06 -1.0310039067e+00
8.8200843070e-06 -1.0310039338e+00
8.8812529007e-06 -1.0310039610e+00
8.9428457077e-06 -1.0310039885e+00
9.0048656700e-06 -1.0310040162e+00
9.0673157499e-06 -1.0310040440e+00
9.1301989303e-06 -1.0310040721e+00
9.1935182150e-06 -1.0310041003e+00
9.2572766283e-06 -1.0310041287e+00
9.3214772156e-06 -1.0310041574e+00
9.3861230436e-06 -1.0310041862e+00
9.4512171999e-06 -1.0310042152e+00
9.5167627939e-06 -1.0310042445e+00
9.5827629564e-06 -1.0310042739e+00
9.6492208397e-06 -1.0310043036e+00
9.7161396183e-06 -1.0310043334e+00
9.7835224886e-06 -1.0310043635e+00
9.8513726691e-06 -1.0310043937e+00
9.9196934007e-06 -1.0310044242e+00
9.9884879467e-06 -1.0310044549e+00
1.0057759593e-05 -1.0310044858e+00
1.0127511649e-05 -1.0310045169e+00
1.0197747445e-05 -1.0310045482e+00
1.0268470337e-05 -1.0310045797e+00
1.0339683703e-05 -1.0310046115e+00
1.0411390944e-05 -1.0310046435e+00
1.0483595485e-05 -1.0310046757e+00
1.0556300776e-05 -1.0310047081e+00
1.0629510288e-05 -1.0310047408e+00
1.0703227520e-05 -1.0310047736e+00
1.0777455991e-05 -1.0310048067e+00
1.0852199248e-05 -1.0310048401e+00
1.0927460861e-05 -1.0310048736e+00
1.1003244423e-05 -1.0310049074e+00
1.1079553557e-05 -1.0310049415e+00
1.1156391905e-05 -1.0310049758e+00
1.1233763139e-05 -1.0310050103e+00
1.1311670953e-05 -1.0310050450e+00
1.1390119070e-05 -1.0310050800e+00
1.1469111236e-05 -1.0310051152e+00
1.1548651225e-05 -1.0310051507e+00
1.1628742835e-05 -1.0310051864e+00
1.1709389893e-05 -1.0310052224e+00
1.1790596249e-05 -1.0310052586e+00
1.1872365784e-05 -1.0310052951e+00
1.1954702403e-05 -1.0310053318e+00
1.2037610039e-05 -1.0310053688e+00
1.2121092651e-05 -1.0310054060e+00
1.2205154227e-05 -1.0310054435e+00
1.2289798783e-05 -1.0310054813e+00
1.2375030362e-05 -1.0310055193e+00
1.2460853034e-05 -1.0310055575e+00
1.2547270899e-05 -1.0310055961e+00
1.2634288085e-05 -1.0310056349e+00
1.2721908748e-05 -1.0310056740e+00
1.2810137073e-05 -1.0310057133e+00
1.2898977275e-05 -1.0310057529e+00
1.2988433597e-05 -1.0310057928e+00
1.3078510312e-05 -1.0310058330e+00
1.3169211722e-05 -1.0310058735e+00
1.3260542160e-05 -1.0310059142e+00
1.3352505988e-05 -1.0310059552e+00
1.3445107598e-05 -1.0310059965e+00
1.3538351415e-05 -1.0310060381e+00
1.3632241891e-05 -1.0310060800e+00
1.3726783512e-05 -1.0310061221e+00
1.3821980793e-05 -1.0310061646e+00
1.3917838281e-05 -1.0310062074e+00
1.4014360555e-05 -1.0310062504e+00
1.4111552226e-05 -1.0310062938e+00
1.4209417935e-05 -1.0310063374e+00
1.4307962357e-05 -1.0310063814e+00
1.4407190200e-05 -1.0310064256e+00
1.4507106202e-05 -1.0310064702e+00
1.4607715137e-05 -1.0310065150e+00
1.4709021809e-05 -1.0310065602e+00
1.4811031058e-05 -1.0310066057e+00
1.4913747757e-05 -1.0310066515e+00
1.5017176811e-05 -1.0310066977e+00
1.5121323161e-05 -1.0310067441e+00
1.5226191781e-05 -1.0310067909e+00
1.5331787681e-05 -1.0310068380e+00
1.5438115904e-05 -1.0310068854e+00
1.5545181529e-05 -1.0310069332e+00
1.5652989671e-05 -1.0310069812e+00
1.5761545477e-05 -1.0310070296e+00
1.5870854134e-05 -1.0310070784e+00
1.5980920863e-05 -1.0310071275e+00
1.6091750921e-05 -1.0310071769e+00
1.6203349602e-05 -1.0310072267e+00
1.6315722236e-05 -1.0310072768e+00
1.6428874192e-05 -1.0310073273e+00
1.6542810872e-05 -1.0310073781e+00
1.6657537721e-05 -1.0310074293e+00
1.6773060217e-05 -1.0310074808e+00
1.6889383879e-05 -1.0310075327e+00
1.7006514263e-05 -1.0310075849e+00
1.7124456964e-05 -1.0310076375e+00
1.7243217614e-05 -1.0310076905e+00
1.7362801888e-05 -1.0310077438e+00
1.7483215496e-05 -1.0310077975e+00
1.7604464190e-05 -1.0310078516e+00
1.7726553762e-05 -1.0310079060e+00
1.7849490043e-05 -1.0310079609e+00
1.7973278906e-05 -1.0310080161e+00
1.8097926262e-05 -1.0310080717e+00
1.8223438067e-05 -1.0310081277e+00
1.8349820315e-05 -1.0310081840e+00
1.8477079042e-05 -1.0310082408e+00
1.8605220328e-05 -1.0310082979e+00
1.8734250292e-05 -1.0310083555e+00
1.8864175098e-05 -1.0310084134e+00
1.8995000952e-05 -1.0310084718e+00
1.9126734103e-05 -1.0310085305e+00
1.9259380843e-05 -1.0310085897e+00
1.9392947507e-05 -1.0310086493e+00
1.9527440476e-05 -1.0310087092e+00
1.9662866174e-05 -1.0310087696e+00
1.9799231069e-05 -1.0310088305e+00
1.9936541675e-05 -1.0310088917e+00
2.0074804551e-05 -1.0310089534e+00
2.0214026300e-05 -1.0310090155e+00
2.0354213572e-05 -1.0310090780e+00
2.0495373064e-05 -1.0310091409e+00
2.0637511518e-05 -1.0310092043e+00
2.0780635724e-05 -1.0310092682e+00
2.0924752517e-05 -1.0310093324e+00
2.1069868781e-05 -1.0310093972e+00
2.1215991448e-05 -1.0310094623e+00
2.1363127498e-05 -1.0310095280e+00
2.1511283957e-05 -1.0310095940e+00
2.1660467904e-05 -1.0310096606e+00
2.1810686464e-05 -1.0310097276e+00
2.1961946812e-05 -1.0310097950e+00
2.2114256172e-05 -1.0310098630e+00
2.2267621821e-05 -1.0310099314e+00
2.2422051083e-05 -1.0310100002e+00
2.2577551335e-05 -1.0310100696e+00
2.2734130005e-05 -1.0310101394e+00
2.2891794570e-05 -1.0310102097e+00
2.3050552563e-05 -1.0310102805e+00
2.3210411566e-05 -1.0310103518e+00
2.3371379215e-05 -1.0310104236e+00
2.3533463199e-05 -1.0310104959e+00
2.3696671259e-05 -1.0310105687e+00
2.3861011191e-05 -1.0310106420e+00
2.4026490845e-05 -1.0310107158e+00
2.4193118125e-05 -1.0310107901e+00
2.4360900990e-05 -1.0310108650e+00
2.4529847454e-05 -1.0310109403e+00
2.4699965586e-05 -1.0310110162e+00
2.4871263514e-05 -1.0310110926e+00
2.5043749417e-05 -1.0310111695e+00
2.5217431537e-05 -1.0310112470e+00
2.5392318167e-05 -1.0310113250e+00
2.5568417662e-05 -1.0310114035e+00
2.5745738433e-05 -1.0310114826e+00
2.5924288950e-05 -1.0310115622e+00
2.6104077742e-05 -1.0310116424e+00
2.6285113395e-05 -1.0310117232e+00
2.6467404558e-05 -1.0310118045e+00
2.6650959937e-05 -1.0310118863e+00
2.6835788299e-05 -1.0310119688e+00
2.7021898474e-05 -1.0310120518e+00
2.7209299350e-05 -1.0310121353e+00
2.7397999880e-05 -1.0310122195e+00
2.7588009075e-05 -1.0310123043e+00
2.7779336013e-05 -1.0310123896e+00
2.7971989831e-05 -1.0310124755e+00
2.8165979732e-05 -1.0310125620e+00
2.8361314982e-05 -1.0310126491e+00
2.8558004910e-05 -1.0310127369e+00
2.8756058913e-05 -1.0310128252e+00
2.8955486449e-05 -1.0310129141e+00
2.9156297045e-05 -1.0310130037e+00
2.9358500292e-05 -1.0310130939e+00
2.9562105849e-05 -1.0310131847e+00
2.9767123441e-05 -1.0310132761e+00
2.9973562860e-05 -1.0310133682e+00
3.0181433967e-05 -1.0310134609e+00
3.0390746691e-05 -1.0310135543e+00
3.0601511030e-05 -1.0310136483e+00
3.0813737050e-05 -1.0310137429e+00
3.1027434890e-05 -1.0310138382e+00
3.1242614756e-05 -1.0310139342e+00
3.1459286926e-05 -1.0310140308e+00
3.1677461750e-05 -1.0310141281e+00
3.1897149649e-05 -1.0310142261e+00
3.2118361116e-05 -1.0310143248e+00
3.2341106717e-05 -1.0310144241e+00
3.2565397092e-05 -1.0310145242e+00
3.2791242954e-05 -1.0310146249e+00
3.3018655091e-05 -1.0310147263e+00
3.3247644364e-05 -1.0310148284e+00
3.3478221712e-05 -1.0310149313e+00
3.3710398149e-05 -1.0310150348e+00
3.3944184763e-05 -1.0310151391e+00
3.4179592722e-05 -1.0310152441e+00
3.4416633271e-05 -1.0310153498e+00
3.4655317730e-05 -1.0310154563e+00
3.4895657502e-05 -1.0310155635e+00
3.5137664066e-05 -1.0310156714e+00
3.5381348981e-05 -1.0310157801e+00
3.5626723888e-05 -1.0310158895e+00
3.5873800505e-05 -1.0310159997e+00
3.6122590636e-05 -1.0310161107e+00
3.6373106163e-05 -1.0310162224e+00
3.6625359053e-05 -1.0310163349e+00
3.6879361354e-05 -1.0310164482e+00
3.7135125198e-05 -1.0310165623e+00
3.7392662803e-05 -1.0310166771e+00
3.7651986469e-05 -1.0310167928e+00
3.7913108584e-05 -1.0310169092e+00
3.8176041619e-05 -1.0310170265e+00
3.8440798133e-05 -1.0310171446e+00
3.8707390773e-05 -1.0310172635e+00
3.8975832273e-05 -1.0310173832e+00
3.9246135455e-05 -1.0310175038e+00
3.9518313229e-05 -1.0310176252e+00
3.9792378596e-05 -1.0310177474e+00
4.0068344648e-05 -1.0310178705e+00
4.0346224565e-05 -1.0310179944e+00
4.0626031620e-05 -1.0310181192e+00
4.0907779179e-05 -1.0310182449e+00
4.1191480699e-05 -1.0310183714e+00
4.1477149731e-05 -1.0310184988e+00
4.1764799920e-05 -1.0310186271e+00
4.2054445006e-05 -1.0310187563e+00
4.2346098824e-05 -1.0310188864e+00
4.2639775304e-05 -1.0310190173e+00
4.2935488474e-05 -1.0310191492e+00
4.3233252459e-05 -1.0310192820e+00
4.3533081482e-05 -1.0310194158e+00
4.3834989863e-05 -1.0310195504e+00
4.4138992023e-05 -1.0310196860e+00
4.4445102484e-05 -1.0310198225e+00
4.4753335866e-05 -1.0310199600e+00
4.5063706892e-05 -1.0310200984e+00
4.5376230388e-05 -1.0310202378e+00
4.5690921280e-05 -1.0310203782e+00
4.6007794600e-05 -1.0310205195e+00
4.6326865484e-05 -1.0310206618e+00
4.6648149172e-05 -1.0310208051e+00
4.6971661010e-05 -1.0310209494e+00
4.7297416450e-05 -1.0310210946e+00
4.7625431053e-05 -1.0310212409e+00
4.7955720486e-05 -1.0310213883e+00
4.8288300525e-05 -1.0310215366e+00
4.8623187056e-05 -1.0310216859e+00
4.8960396075e-05 -1.0310218363e+00
4.9299943688e-05 -1.0310219878e+00
4.9641846114e-05 -1.0310221403e+00
4.9986119685e-05 -1.0310222938e+00
5.0332780844e-05 -1.0310224484e+00
5.0681846149e-05 -1.0310226041e+00
5.1033332274e-05 -1.0310227609e+00
5.1387256007e-05 -1.0310229187e+00
5.1743634255e-05 -1.0310230777e+00
5.2102484038e-05 -1.0310232377e+00
5.2463822497e-05 -1.0310233989e+00
5.2827666893e-05 -1.0310235611e+00
5.3194034603e-05 -1.0310237245e+00
5.3562943128e-05 -1.0310238891e+00
5.3934410088e-05 -1.0310240547e+00
5.4308453227e-05 -1.0310242216e+00
5.4685090410e-05 -1.0310243896e+00
5.5064339629e-05 -1.0310245587e+00
5.5446218996e-05 -1.0310247290e+00
5.5830746754e-05 -1.0310249005e+00
5.6217941269e-05 -1.0310250732e+00
5.6607821036e-05 -1.0310252471e+00
5.7000404676e-05 -1.0310254222e+00
5.7395710942e-05 -1.0310255985e+00
5.7793758716e-05 -1.0310257760e+00
5.8194567010e-05 -1.0310259548e+00
5.8598154970e-05 -1.0310261348e+00
5.9004541871e-05 -1.0310263160e+00
5.9413747126e-05 -1.0310264985e+00
5.9825790281e-05 -1.0310266823e+00
6.0240691015e-05 -1.0310268673e+00
6.0658469148e-05 -1.0310270537e+00
6.1079144634e-05 -1.0310272413e+00
6.1502737568e-05 -1.0310274302e+00
6.1929268181e-05 -1.0310276205e+00
6.2358756847e-05 -1.0310278120e+00
6.2791224081e-05 -1.0310280049e+00
6.3226690539e-05 -1.0310281991e+00
6.3665177022e-05 -1.0310283947e+00
6.4106704473e-05 -1.0310285916e+00
6.4551293983e-05 -1.0310287899e+00
6.4998966787e-05 -1.0310289895e+00
6.5449744269e-05 -1.0310291906e+00
6.5903647959e-05 -1.0310293930e+00
6.6360699539e-05 -1.0310295969e+00
6.6820920839e-05 -1.0310298021e+00
6.7284333843e-05 -1.0310300088e+00
6.7750960684e-05 -1.0310302169e+00
6.8220823652e-05 -1.0310304265e+00
6.8693945189e-05 -1.0310306375e+00
6.9170347894e-05 -1.0310308500e+00
6.9650054523e-05 -1.0310310639e+00
7.0133087988e-05 -1.0310312794e+00
7.0619471362e-05 -1.0310314963e+00
7.1109227877e-05 -1.0310317147e+00
7.1602380926e-05 -1.0310319347e+00
7.2098954065e-05 -1.0310321561e+00
7.2598971012e-05 -1.0310323791e+00
7.3102455651e-05 -1.0310326037e+00
7.3609432030e-05 -1.0310328298e+00
7.4119924366e-05 -1.0310330575e+00
7.4633957043e-05 -1.0310332867e+00
7.5151554612e-05 -1.0310335176e+00
7.5672741796e-05 -1.0310337500e+00
7.6197543492e-05 -1.0310339841e+00
7.6725984765e-05 -1.0310342198e+00
7.7258090857e-05 -1.0310344571e+00
7.7793887183e-05 -1.0310346961e+00
7.8333399337e-05 -1.0310349367e+00
7.8876653087e-05 -1.0310351790e+00
7.9423674383e-05 -1.0310354230e+00
7.9974489352e-05 -1.0310356686e+00
8.0529124306e-05 -1.0310359160e+00
8.1087605734e-05 -1.0310361651e+00
8.1649960315e-05 -1.0310364159e+00
8.2216214908e-05 -1.0310366684e+00
8.2786396561e-05 -1.0310369227e+00
8.3360532508e-05 -1.0310371788e+00
8.3938650173e-05 -1.0310374366e+00
8.4520777169e-05 -1.0310376963e+00
8.5106941303e-05 -1.0310379577e+00
8.5697170573e-05 -1.0310382209e+00
8.6291493169e-05 -1.0310384860e+00
8.6889937482e-05 -1.0310387529e+00
8.7492532094e-05 -1.0310390217e+00
8.8099305789e-05 -1.0310392923e+00
8.8710287550e-05 -1.0310395648e+00
8.9325506561e-05 -1.0310398392e+00
8.9944992206e-05 -1.0310401155e+00
9.0568774076e-05 -1.0310403937e+00
9.1196881966e-05 -1.0310406738e+00
9.1829345878e-05 -1.0310409559e+00
9.2466196020e-05 -1.0310412399e+00
9.3107462813e-05 -1.0310415259e+00
9.3753176887e-05 -1.0310418139e+00
9.4403369083e-05 -1.0310421039e+00
9.5058070458e-05 -1.0310423959e+00
9.5717312285e-05 -1.0310426899e+00
9.6381126052e-05 -1.0310429860e+00
9.7049543466e-05 -1.0310432841e+00
9.7722596453e-05 -1.0310435843e+00
9.8400317163e-05 -1.0310438865e+00
9.9082737967e-05 -1.0310441909e+00
9.9769891460e-05 -1.0310444974e+00
1.0046181047e-04 -1.0310448060e+00
1.0115852803e-04 -1.0310451167e+00
1.0186007744e-04 -1.0310454296e+00
1.0256649219e-04 -1.0310457447e+00
1.0327780604e-04 -1.0310460619e+00
1.0399405295e-04 -1.0310463813e+00
1.0471526714e-04 -1.0310467030e+00
1.0544148306e-04 -1.0310470269e+00
1.0617273539e-04 -1.0310473530e+00
1.0690905907e-04 -1.0310476814e+00
1.0765048926e-04 -1.0310480121e+00
1.0839706138e-04 -1.0310483451e+00
1.0914881109e-04 -1.0310486804e+00
1.0990577430e-04 -1.0310490180e+00
1.1066798715e-04 -1.0310493579e+00
1.1143548607e-04 -1.0310497002e+00
1.1220830770e-04 -1.0310500449e+00
1.1298648897e-04 -1.0310503920e+00
1.1377006704e-04 -1.0310507414e+00
1.1455907934e-04 -1.0310510933e+00
1.1535356356e-04 -1.0310514477e+00
1.1615355764e-04 -1.0310518045e+00
1.1695909981e-04 -1.0310521638e+00
1.1777022852e-04 -1.0310525255e+00
1.1858698253e-04 -1.0310528898e+00
1.1940940086e-04 -1.0310532566e+00
1.2023752278e-04 -1.0310536259e+00
1.2107138784e-04 -1.0310539978e+00
1.2191103589e-04 -1.0310543723e+00
1.2275650701e-04 -1.0310547494e+00
1.2360784161e-04 -1.0310551291e+00
1.2446508034e-04 -1.0310555114e+00
1.2532826414e-04 -1.0310558964e+00
1.2619743425e-04 -1.0310562841e+00
1.2707263219e-04 -1.0310566744e+00
1.2795389975e-04 -1.0310570674e+00
1.2884127904e-04 -1.0310574632e+00
1.2973481243e-04 -1.0310578617e+00
1.3063454261e-04 -1.0310582630e+00
1.3154051255e-04 -1.0310586671e+00
1.3245276553e-04 -1.0310590739e+00
1.3337134512e-04 -1.0310594836e+00
1.3429629519e-04 -1.0310598961e+00
1.3522765993e-04 -1.0310603115e+00
1.3616548382e-04 -1.0310607298e+00
1.3710981166e-04 -1.0310611510e+00
1.3806068855e-04 -1.0310615751e+00
1.3901815992e-04 -1.0310620021e+00
1.3998227149e-04 -1.0310624321e+00
1.4095306932e-04 -1.0310628651e+00
1.4193059977e-04 -1.0310633010e+00
1.4291490955e-04 -1.0310637400e+00
1.4390604565e-04 -1.0310641821e+00
1.4490405544e-04 -1.0310646272e+00
1.4590898657e-04 -1.0310650754e+00
1.4692088705e-04 -1.0310655267e+00
1.4793980520e-04 -1.0310659812e+00
1.4896578971e-04 -1.0310664387e+00
1.4999888957e-04 -1.0310668995e+00
1.5103915413e-04 -1.0310673635e+00
1.5208663308e-04 -1.0310678306e+00
1.5314137646e-04 -1.0310683011e+00
1.5420343463e-04 -1.0310687747e+00
1.5527285834e-04 -1.0310692517e+00
1.5634969865e-04 -1.0310697320e+00
1.5743400702e-04 -1.0310702156e+00
1.5852583522e-04 -1.0310707025e+00
1.5962523542e-04 -1.0310711929e+00
1.6073226012e-04 -1.0310716866e+00
1.6184696220e-04 -1.0310721837e+00
1.6296939490e-04 -1.0310726844e+00
1.6409961184e-04 -1.0310731884e+00
1.6523766700e-04 -1.0310736960e+00
1.6638361475e-04 -1.0310742071e+00
1.6753750981e-04 -1.0310747217e+00
1.6869940731e-04 -1.0310752399e+00
1.6986936273e-04 -1.0310757617e+00
1.7104743198e-04 -1.0310762872e+00
1.7223367130e-04 -1.0310768162e+00
1.7342813737e-04 -1.0310773489e+00
1.7463088725e-04 -1.0310778854e+00
1.7584197837e-04 -1.0310784255e+00
1.7706146859e-04 -1.0310789694e+00
1.7828941615e-04 -1.0310795171e+00
1.7952587971e-04 -1.0310800685e+00
1.8077091833e-04 -1.0310806238e+00
1.8202459148e-04 -1.0310811830e+00
1.8328695904e-04 -1.0310817460e+00
1.8455808130e-04 -1.0310823129e+00
1.8583801899e-04 -1.0310828838e+00
1.8712683323e-04 -1.0310834586e+00
1.8842458559e-04 -1.0310840374e+00
1.8973133806e-04 -1.0310846202e+00
1.9104715305e-04 -1.0310852070e+00
1.9237209341e-04 -1.0310857980e+00
1.9370622243e-04 -1.0310863930e+00
1.9504960383e-04 -1.0310869921e+00
1.9640230178e-04 -1.0310875954e+00
1.9776438089e-04 -1.0310882029e+00
1.9913590622e-04 -1.0310888146e+00
2.0051694329e-04 -1.0310894306e+00
2.0190755805e-04 -1.0310900508e+00
2.0330781693e-04 -1.0310906753e+00
2.0471778682e-04 -1.0310913041e+00
2.0613753505e-04 -1.0310919373e+00
2.0756712945e-04 -1.0310925749e+00
2.0900663830e-04 -1.0310932170e+00
2.1045613036e-04 -1.0310938634e+00
2.1191567486e-04 -1.0310945144e+00
2.1338534151e-04 -1.0310951699e+00
2.1486520053e-04 -1.0310958299e+00
2.1635532258e-04 -1.0310964945e+00
2.1785577885e-04 -1.0310971637e+00
2.1936664101e-04 -1.0310978375e+00
2.2088798123e-04 -1.0310985160e+00
2.2241987216e-04 -1.0310991993e+00
2.2396238698e-04 -1.0310998872e+00
2.2551559938e-04 -1.0311005800e+00
2.2707958353e-04 -1.0311012775e+00
2.2865441414e-04 -1.0311019799e+00
2.3024016644e-04 -1.0311026871e+00
2.3183691617e-04 -1.0311033993e+00
2.3344473959e-04 -1.0311041164e+00
2.3506371350e-04 -1.0311048384e+00
2.3669391525e-04 -1.0311055655e+00
2.3833542268e-04 -1.0311062976e+00
2.3998831421e-04 -1.0311070348e+00
2.4165266878e-04 -1.0311077771e+00
2.4332856591e-04 -1.0311085245e+00
2.4501608563e-04 -1.0311092772e+00
2.4671530854e-04 -1.0311100350e+00
2.4842631582e-04 -1.0311107981e+00
2.5014918920e-04 -1.0311115665e+00
2.5188401095e-04 -1.0311123403e+00
2.5363086395e-04 -1.0311131194e+00
2.5538983163e-04 -1.0311139039e+00
2.5716099802e-04 -1.0311146938e+00
2.5894444771e-04 -1.0311154892e+00
2.6074026588e-04 -1.0311162902e+00
2.6254853833e-04 -1.0311170966e+00
2.6436935141e-04 -1.0311179087e+00
2.6620279209e-04 -1.0311187264e+00
2.6804894797e-04 -1.0311195498e+00
2.6990790720e-04 -1.0311203789e+00
2.7177975860e-04 -1.0311212138e+00
2.7366459156e-04 -1.0311220544e+00
2.7556249612e-04 -1.0311229009e+00
2.7747356293e-04 -1.0311237532e+00
2.7939788327e-04 -1.0311246115e+00
2.8133554906e-04 -1.0311254757e+00
2.8328665284e-04 -1.0311263458e+00
2.8525128783e-04 -1.0311272221e+00
2.8722954784e-04 -1.0311281044e+00
2.8922152739e-04 -1.0311289928e+00
2.9122732160e-04 -1.0311298874e+00
2.9324702630e-04 -1.0311307882e+00
2.9528073795e-04 -1.0311316952e+00
2.9732855369e-04 -1.0311326085e+00
2.9939057134e-04 -1.0311335282e+00
3.0146688939e-04 -1.0311344542e+00
3.0355760701e-04 -1.0311353867e+00
3.0566282407e-04 -1.0311363256e+00
3.0778264112e-04 -1.0311372711e+00
3.0991715941e-04 -1.0311382231e+00
3.1206648091e-04 -1.0311391817e+00
3.1423070827e-04 -1.0311401469e+00
3.1640994487e-04 -1.0311411188e+00
3.1860429480e-04 -1.0311420975e+00
3.2081386287e-04 -1.0311430830e+00
3.2303875462e-04 -1.0311440753e+00
3.2527907633e-04 -1.0311450745e+00
3.2753493500e-04 -1.0311460806e+00
3.2980643839e-04 -1.0311470937e+00
3.3209369499e-04 -1.0311481138e+00
3.3439681405e-04 -1.0311491410e+00
3.3671590558e-04 -1.0311501753e+00
3.3905108036e-04 -1.0311512168e+00
3.4140244993e-04 -1.0311522655e+00
3.4377012659e-04 -1.0311533215e+00
3.4615422344e-04 -1.0311543848e+00
3.4855485435e-04 -1.0311554555e+00
3.5097213400e-04 -1.0311565336e+00
3.5340617784e-04 -1.0311576192e+00
3.5585710213e-04 -1.0311587123e+00
3.5832502395e-04 -1.0311598130e+00
3.6081006117e-04 -1.0311609213e+00
3.6331233250e-04 -1.0311620373e+00
3.6583195744e-04 -1.0311631611e+00
3.6836905636e-04 -1.0311642926e+00
3.7092375044e-04 -1.0311654320e+00
3.7349616170e-04 -1.0311665793e+00
3.7608641302e-04 -1.0311677345e+00
3.7869462811e-04 -1.0311688978e+00
3.8132093156e-04 -1.0311700691e+00
3.8396544881e-04 -1.0311712486e+00
3.8662830619e-04 -1.0311724362e+00
3.8930963087e-04 -1.0311736321e+00
3.9200955094e-04 -1.0311748363e+00
3.9472819536e-04 -1.0311760488e+00
3.9746569398e-04 -1.0311772697e+00
4.0022217756e-04 -1.0311784991e+00
4.0299777776e-04 -1.0311797370e+00
4.0579262716e-04 -1.0311809835e+00
4.0860685925e-04 -1.0311822387e+00
4.1144060847e-04 -1.0311835025e+00
4.1429401015e-04 -1.0311847751e+00
4.1716720060e-04 -1.0311860566e+00
4.2006031705e-04 -1.0311873469e+00
4.2297349769e-04 -1.0311886462e+00
4.2590688167e-04 -1.0311899545e+00
4.2886060911e-04 -1.0311912718e+00
4.3183482108e-04 -1.0311925983e+00
4.3482965966e-04 -1.0311939340e+00
4.3784526789e-04 -1.0311952790e+00
4.4088178980e-04 -1.0311966333e+00
4.4393937045e-04 -1.0311979970e+00
4.4701815587e-04 -1.0311993701e+00
4.5011829313e-04 -1.0312007528e+00
4.5323993029e-04 -1.0312021450e+00
4.5638321648e-04 -1.0312035469e+00
4.5954830182e-04 -1.0312049585e+00
4.6273533750e-04 -1.0312063800e+00
4.6594447574e-04 -1.0312078112e+00
4.6917586983e-04 -1.0312092524e+00
4.7242967412e-04 -1.0312107036e+00
4.7570604403e-04 -1.0312121649e+00
4.7900513605e-04 -1.0312136363e+00
4.8232710776e-04 -1.0312151179e+00
4.8567211784e-04 -1.0312166098e+00
4.8904032605e-04 -1.0312181120e+00
4.9243189330e-04 -1.0312196246e+00
4.9584698156e-04 -1.0312211478e+00
4.9928575397e-04 -1.0312226814e+00
5.0274837478e-04 -1.0312242258e+00
5.0623500937e-04 -1.0312257808e+00
5.0974582430e-04 -1.0312273466e+00
5.1328098724e-04 -1.0312289233e+00
5.1684066707e-04 -1.0312305109e+00
5.2042503380e-04 -1.0312321096e+00
5.2403425865e-04 -1.0312337193e+00
5.2766851401e-04 -1.0312353402e+00
5.3132797347e-04 -1.0312369723e+00
5.3501281182e-04 -1.0312386157e+00
5.3872320508e-04 -1.0312402705e+00
5.4245933046e-04 -1.0312419369e+00
5.4622136643e-04 -1.0312436147e+00
5.5000949267e-04 -1.0312453042e+00
5.5382389013e-04 -1.0312470055e+00
5.5766474101e-04 -1.0312487185e+00
5.6153222875e-04 -1.0312504434e+00
5.6542653810e-04 -1.0312521802e+00
5.6934785506e-04 -1.0312539291e+00
5.7329636694e-04 -1.0312556902e+00
5.7727226233e-04 -1.0312574634e+00
5.8127573114e-04 -1.0312592490e+00
5.8530696461e-04 -1.0312610469e+00
5.8936615528e-04 -1.0312628573e+00
5.9345349704e-04 -1.0312646803e+00
5.9756918512e-04 -1.0312665159e+00
6.0171341610e-04 -1.0312683642e+00
6.0588638795e-04 -1.0312702253e+00
6.1008829997e-04 -1.0312720994e+00
6.1431935288e-04 -1.0312739864e+00
6.1857974877e-04 -1.0312758866e+00
6.2286969113e-04 -1.0312777999e+00
6.2718938488e-04 -1.0312797265e+00
6.3153903635e-04 -1.0312816664e+00
6.3591885330e-04 -1.0312836198e+00
6.4032904493e-04 -1.0312855868e+00
6.4476982189e-04 -1.0312875673e+00
6.4924139630e-04 -1.0312895617e+00
6.5374398174e-04 -1.0312915698e+00
6.5827779328e-04 -1.0312935919e+00
6.6284304748e-04 -1.0312956280e+00
6.6743996239e-04 -1.0312976782e+00
6.7206875759e-04 -1.0312997427e+00
6.7672965417e-04 -1.0313018214e+00
6.8142287476e-04 -1.0313039146e+00
6.8614864353e-04 -1.0313060223e+00
6.9090718621e-04 -1.0313081446e+00
6.9569873008e-04 -1.0313102816e+00
7.0052350403e-04 -1.0313124335e+00
7.0538173850e-04 -1.0313146003e+00
7.1027366555e-04 -1.0313167821e+00
7.1519951883e-04 -1.0313189790e+00
7.2015953364e-04 -1.0313211912e+00
7.2515394689e-04 -1.0313234187e+00
7.3018299714e-04 -1.0313256616e+00
7.3524692460e-04 -1.0313279201e+00
7.4034597114e-04 -1.0313301943e+00
7.4548038033e-04 -1.0313324842e+00
7.5065039741e-04 -1.0313347901e+00
7.5585626932e-04 -1.0313371119e+00
7.6109824473e-04 -1.0313394498e+00
7.6637657402e-04 -1.0313418040e+00
7.7169150930e-04 -1.0313441744e+00
7.7704330445e-04 -1.0313465613e+00
7.8243221509e-04 -1.0313489648e+00
7.8785849863e-04 -1.0313513849e+00
7.9332241425e-04 -1.0313538218e+00
7.9882422294e-04 -1.0313562756e+00
8.0436418748e-04 -1.0313587464e+00
8.0994257250e-04 -1.0313612344e+00
8.1555964445e-04 -1.0313637396e+00
8.2121567163e-04 -1.0313662622e+00
8.2691092419e-04 -1.0313688023e+00
8.3264567418e-04 -1.0313713600e+00
8.3842019551e-04 -1.0313739354e+00
8.4423476400e-04 -1.0313765287e+00
8.5008965738e-04 -1.0313791400e+00
8.5598515533e-04 -1.0313817694e+00
8.6192153942e-04 -1.0313844170e+00
8.6789909322e-04 -1.0313870830e+00
8.7391810224e-04 -1.0313897675e+00
8.7997885398e-04 -1.0313924706e+00
8.8608163794e-04 -1.0313951924e+00
8.9222674561e-04 -1.0313979331e+00
8.9841447051e-04 -1.0314006929e+00
9.0464510820e-04 -1.0314034717e+00
9.1091895629e-04 -1.0314062699e+00
9.1723631445e-04 -1.0314090874e+00
9.2359748442e-04 -1.0314119245e+00
9.3000277005e-04 -1.0314147812e+00
9.3645247729e-04 -1.0314176578e+00
9.4294691421e-04 -1.0314205543e+00
9.4948639101e-04 -1.0314234709e+00
9.5607122005e-04 -1.0314264078e+00
9.6270171585e-04 -1.0314293650e+00
9.6937819513e-04 -1.0314323427e+00
9.7610097679e-04 -1.0314353410e+00
9.8287038193e-04 -1.0314383602e+00
9.8968673391e-04 -1.0314414003e+00
9.9655035829e-04 -1.0314444615e+00
1.0034615829e-03 -1.0314475439e+00
1.0104207379e-03 -1.0314506476e+00
1.0174281557e-03 -1.0314537730e+00
1.0244841710e-03 -1.0314569199e+00
1.0315891208e-03 -1.0314600887e+00
1.0387433444e-03 -1.0314632795e+00
1.0459471837e-03 -1.0314664924e+00
1.0532009826e-03 -1.0314697276e+00
1.0605050878e-03 -1.0314729853e+00
1.0678598479e-03 -1.0314762655e+00
1.0752656145e-03 -1.0314795685e+00
1.0827227411e-03 -1.0314828943e+00
1.0902315840e-03 -1.0314862433e+00
1.0977925018e-03 -1.0314896155e+00
1.1054058558e-03 -1.0314930110e+00
1.1130720094e-03 -1.0314964301e+00
1.1207913290e-03 -1.0314998729e+00
1.1285641832e-03 -1.0315033396e+00
1.1363909433e-03 -1.0315068304e+00
1.1442719832e-03 -1.0315103453e+00
1.1522076792e-03 -1.0315138846e+00
1.1601984105e-03 -1.0315174485e+00
1.1682445587e-03 -1.0315210371e+00
1.1763465081e-03 -1.0315246505e+00
1.1845046457e-03 -1.0315282891e+00
1.1927193612e-03 -1.0315319528e+00
1.2009910470e-03 -1.0315356420e+00
1.2093200981e-03 -1.0315393568e+00
1.2177069125e-03 -1.0315430973e+00
1.2261518907e-03 -1.0315468637e+00
1.2346554360e-03 -1.0315506563e+00
1.2432179547e-03 -1.0315544752e+00
1.2518398557e-03 -1.0315583206e+00
1.2605215509e-03 -1.0315621926e+00
1.2692634550e-03 -1.0315660915e+00
1.2780659854e-03 -1.0315700174e+00
1.2869295627e-03 -1.0315739706e+00
1.2958546102e-03 -1.0315779512e+00
1.3048415543e-03 -1.0315819593e+00
1.3138908241e-03 -1.0315859953e+00
1.3230028520e-03 -1.0315900593e+00
1.3321780731e-03 -1.0315941514e+00
1.3414169258e-03 -1.0315982719e+00
1.3507198512e-03 -1.0316024211e+00
1.3600872939e-03 -1.0316065989e+00
1.3695197011e-03 -1.0316108058e+00
1.3790175235e-03 -1.0316150418e+00
1.3885812147e-03 -1.0316193072e+00
1.3982112315e-03 -1.0316236022e+00
1.4079080339e-03 -1.0316279270e+00
1.4176720851e-03 -1.0316322817e+00
1.4275038514e-03 -1.0316366667e+00
1.4374038025e-03 -1.0316410821e+00
1.4473724112e-03 -1.0316455281e+00
1.4574101537e-03 -1.0316500049e+00
1.4675175094e-03 -1.0316545128e+00
1.4776949611e-03 -1.0316590520e+00
1.4879429950e-03 -1.0316636226e+00
1.4982621005e-03 -1.0316682249e+00
1.5086527705e-03 -1.0316728591e+00
1.5191155014e-03 -1.0316775255e+00
1.5296507929e-03 -1.0316822243e+00
1.5402591481e-03 -1.0316869556e+00
1.5509410739e-03 -1.0316917197e+00
1.5616970805e-03 -1.0316965169e+00
1.5725276815e-03 -1.0317013473e+00
1.5834333944e-03 -1.0317062113e+00
1.5944147399e-03 -1.0317111090e+00
1.6054722428e-03 -1.0317160406e+00
1.6166064311e-03 -1.0317210065e+00
1.6278178366e-03 -1.0317260068e+00
1.6391069949e-03 -1.0317310417e+00
1.6504744452e-03 -1.0317361116e+00
1.6619207304e-03 -1.0317412166e+00
1.6734463973e-03 -1.0317463571e+00
1.6850519965e-03 -1.0317515332e+00
1.6967380822e-03 -1.0317567452e+00
1.7085052126e-03 -1.0317619933e+00
1.7203539498e-03 -1.0317672779e+00
1.7322848598e-03 -1.0317725990e+00
1.7442985124e-03 -1.0317779571e+00
1.7563954814e-03 -1.0317833524e+00
1.7685763448e-03 -1.0317887850e+00
1.7808416842e-03 -1.0317942554e+00
1.7931920856e-03 -1.0317997637e+00
1.8056281389e-03 -1.0318053101e+00
1.8181504380e-03 -1.0318108951e+00
1.8307595811e-03 -1.0318165188e+00
1.8434561705e-03 -1.0318221815e+00
1.8562408127e-03 -1.0318278834e+00
1.8691141182e-03 -1.0318336249e+00
1.8820767020e-03 -1.0318394062e+00
1.8951291833e-03 -1.0318452276e+00
1.9082721854e-03 -1.0318510894e+00
1.9215063363e-03 -1.0318569918e+00
1.9348322679e-03 -1.0318629352e+00
1.9482506168e-03 -1.0318689198e+00
1.9617620240e-03 -1.0318749459e+00
1.9753671348e-03 -1.0318810137e+00
1.9890665991e-03 -1.0318871237e+00
2.0028610711e-03 -1.0318932760e+00
2.0167512099e-03 -1.0318994710e+00
2.0307376789e-03 -1.0319057090e+00
2.0448211461e-03 -1.0319119902e+00
2.0590022842e-03 -1.0319183150e+00
2.0732817706e-03 -1.0319246837e+00
2.0876602874e-03 -1.0319310965e+00
2.1021385214e-03 -1.0319375538e+00
2.1167171640e-03 -1.0319440559e+00
2.1313969117e-03 -1.0319506030e+00
2.1461784656e-03 -1.0319571956e+00
2.1610625318e-03 -1.0319638339e+00
2.1760498212e-03 -1.0319705182e+00
2.1911410497e-03 -1.0319772489e+00
2.2063369380e-03 -1.0319840263e+00
2.2216382122e-03 -1.0319908506e+00
2.2370456029e-03 -1.0319977223e+00
2.2525598462e-03 -1.0320046417e+00
2.2681816830e-03 -1.0320116090e+00
2.2839118596e-03 -1.0320186247e+00
2.2997511273e-03 -1.0320256890e+00
2.3157002427e-03 -1.0320328023e+00
2.3317599676e-03 -1.0320399649e+00
2.3479310690e-03 -1.0320471773e+00
2.3642143195e-03 -1.0320544396e+00
2.3806104967e-03 -1.0320617523e+00
2.3971203838e-03 -1.0320691157e+00
2.4137447694e-03 -1.0320765302e+00
2.4304844476e-03 -1.0320839961e+00
2.4473402180e-03 -1.0320915137e+00
2.4643128856e-03 -1.0320990835e+00
2.4814032612e-03 -1.0321067059e+00
2.4986121611e-03 -1.0321143810e+00
2.5159404073e-03 -1.0321221094e+00
2.5333888274e-03 -1.0321298914e+00
2.5509582550e-03 -1.0321377274e+00
2.5686495291e-03 -1.0321456177e+00
2.5864634948e-03 -1.0321535627e+00
2.6044010030e-03 -1.0321615628e+00
2.6224629105e-03 -1.0321696185e+00
2.6406500800e-03 -1.0321777299e+00
2.6589633802e-03 -1.0321858977e+00
2.6774036859e-03 -1.0321941220e+00
2.6959718778e-03 -1.0322024035e+00
2.7146688429e-03 -1.0322107423e+00
2.7334954742e-03 -1.0322191390e+00
2.7524526710e-03 -1.0322275939e+00
2.7715413388e-03 -1.0322361074e+00
2.7907623894e-03 -1.0322446800e+00
2.8101167407e-03 -1.0322533121e+00
2.8296053174e-03 -1.0322620040e+00
2.8492290502e-03 -1.0322707562e+00
2.8689888766e-03 -1.0322795690e+00
2.8888857402e-03 -1.0322884430e+00
2.9089205916e-03 -1.0322973786e+00
2.9290943876e-03 -1.0323063761e+00
2.9494080919e-03 -1.0323154360e+00
2.9698626748e-03 -1.0323245588e+00
2.9904591132e-03 -1.0323337448e+00
3.0111983910e-03 -1.0323429945e+00
3.0320814987e-03 -1.0323523083e+00
3.0531094339e-03 -1.0323616868e+00
3.0742832010e-03 -1.0323711303e+00
3.0956038113e-03 -1.0323806393e+00
3.1170722831e-03 -1.0323902142e+00
3.1386896420e-03 -1.0323998556e+00
3.1604569205e-03 -1.0324095638e+00
3.1823751584e-03 -1.0324193393e+00
3.2044454024e-03 -1.0324291826e+00
3.2266687069e-03 -1.0324390942e+00
3.2490461332e-03 -1.0324490746e+00
3.2715787504e-03 -1.0324591241e+00
3.2942676346e-03 -1.0324692434e+00
3.3171138695e-03 -1.0324794328e+00
3.3401185465e-03 -1.0324896929e+00
3.3632827644e-03 -1.0325000241e+00
3.3866076295e-03 -1.0325104270e+00
3.4100942561e-03 -1.0325209020e+00
3.4337437658e-03 -1.0325314497e+00
3.4575572885e-03 -1.0325420706e+00
3.4815359614e-03 -1.0325527650e+00
3.5056809300e-03 -1.0325635337e+00
3.5299933476e-03 -1.0325743770e+00
3.5544743754e-03 -1.0325852956e+00
3.5791251827e-03 -1.0325962898e+00
3.6039469470e-03 -1.0326073603e+00
3.6289408540e-03 -1.0326185076e+00
3.6541080974e-03 -1.0326297322e+00
3.6794498794e-03 -1.0326410346e+00
3.7049674104e-03 -1.0326524155e+00
3.7306619093e-03 -1.0326638752e+00
3.7565346033e-03 -1.0326754144e+00
3.7825867283e-03 -1.0326870337e+00
3.8088195287e-03 -1.0326987335e+00
3.8352342574e-03 -1.0327105145e+00
3.8618321762e-03 -1.0327223772e+00
3.8886145555e-03 -1.0327343221e+00
3.9155826746e-03 -1.0327463499e+00
3.9427378215e-03 -1.0327584611e+00
3.9700812935e-03 -1.0327706563e+00
3.9976143965e-03 -1.0327829360e+00
4.0253384457e-03 -1.0327953009e+00
4.0532547652e-03 -1.0328077516e+00
4.0813646886e-03 -1.0328202887e+00
4.1096695584e-03 -1.0328329126e+00
4.1381707268e-03 -1.0328456241e+00
4.1668695549e-03 -1.0328584238e+00
4.1957674137e-03 -1.0328713123e+00
4.2248656834e-03 -1.0328842901e+00
4.2541657540e-03 -1.0328973579e+00
4.2836690249e-03 -1.0329105164e+00
4.3133769053e-03 -1.0329237661e+00
4.3432908144e-03 -1.0329371077e+00
4.3734121808e-03 -1.0329505418e+00
4.4037424433e-03 -1.0329640691e+00
4.4342830508e-03 -1.0329776902e+00
4.4650354618e-03 -1.0329914058e+00
4.4960011455e-03 -1.0330052165e+00
4.5271815807e-03 -1.0330191230e+00
4.5585782568e-03 -1.0330331259e+00
4.5901926736e-03 -1.0330472259e+00
4.6220263411e-03 -1.0330614237e+00
4.6540807797e-03 -1.0330757200e+00
4.6863575207e-03 -1.0330901155e+00
4.7188581056e-03 -1.0331046107e+00
4.7515840869e-03 -1.0331192065e+00
4.7845370278e-03 -1.0331339035e+00
4.8177185022e-03 -1.0331487025e+00
4.8511300950e-03 -1.0331636040e+00
4.8847734022e-03 -1.0331786089e+00
4.9186500307e-03 -1.0331937179e+00
4.9527615987e-03 -1.0332089317e+00
4.9871097355e-03 -1.0332242509e+00
5.0216960817e-03 -1.0332396765e+00
5.0565222893e-03 -1.0332552089e+00
5.0915900218e-03 -1.0332708491e+00
5.1269009543e-03 -1.0332865978e+00
5.1624567733e-03 -1.0333024557e+00
5.1982591773e-03 -1.0333184236e+00
5.2343098762e-03 -1.0333345022e+00
5.2706105920e-03 -1.0333506923e+00
5.3071630587e-03 -1.0333669947e+00
5.3439690222e-03 -1.0333834102e+00
5.3810302405e-03 -1.0333999395e+00
5.4183484838e-03 -1.0334165834e+00
5.4559255348e-03 -1.0334333428e+00
5.4937631881e-03 -1.0334502184e+00
5.5318632512e-03 -1.0334672110e+00
5.5702275438e-03 -1.0334843215e+00
5.6088578986e-03 -1.0335015506e+00
5.6477561605e-03 -1.0335188992e+00
5.6869241877e-03 -1.0335363682e+00
5.7263638510e-03 -1.0335539583e+00
5.7660770342e-03 -1.0335716704e+00
5.8060656342e-03 -1.0335895053e+00
5.8463315611e-03 -1.0336074639e+00
5.8868767382e-03 -1.0336255470e+00
5.9277031020e-03 -1.0336437556e+00
5.9688126028e-03 -1.0336620904e+00
6.0102072041e-03 -1.0336805524e+00
6.0518888831e-03 -1.0336991424e+00
6.0938596307e-03 -1.0337178614e+00
6.1361214516e-03 -1.0337367102e+00
6.1786763646e-03 -1.0337556897e+00
6.2215264022e-03 -1.0337748008e+00
6.2646736112e-03 -1.0337940444e+00
6.3081200525e-03 -1.0338134215e+00
6.3518678013e-03 -1.0338329330e+00
6.3959189472e-03 -1.0338525799e+00
6.4402755943e-03 -1.0338723629e+00
6.4849398614e-03 -1.0338922832e+00
6.5299138818e-03 -1.0339123416e+00
6.5751998038e-03 -1.0339325391e+00
6.6207997903e-03 -1.0339528767e+00
6.6667160194e-03 -1.0339733553e+00
6.7129506845e-03 -1.0339939760e+00
6.7595059938e-03 -1.0340147397e+00
6.8063841711e-03 -1.0340356473e+00
6.8535874555e-03 -1.0340567000e+00
6.9011181017e-03 -1.0340778987e+00
6.9489783799e-03 -1.0340992444e+00
6.9971705764e-03 -1.0341207381e+00
7.0456969928e-03 -1.0341423809e+00
7.0945599471e-03 -1.0341641737e+00
7.1437617733e-03 -1.0341861178e+00
7.1933048215e-03 -1.0342082140e+00
7.2431914580e-03 -1.0342304634e+00
7.2934240658e-03 -1.0342528671e+00
7.3440050441e-03 -1.0342754262e+00
7.3949368091e-03 -1.0342981418e+00
7.4462217934e-03 -1.0343210149e+00
7.4978624467e-03 -1.0343440467e+00
7.5498612355e-03 -1.0343672381e+00
7.6022206437e-03 -1.0343905904e+00
7.6549431722e-03 -1.0344141047e+00
7.7080313392e-03 -1.0344377820e+00
7.7614876805e-03 -1.0344616235e+00
7.8153147495e-03 -1.0344856304e+00
7.8695151173e-03 -1.0345098037e+00
7.9240913726e-03 -1.0345341448e+00
7.9790461223e-03 -1.0345586546e+00
8.0343819914e-03 -1.0345833344e+00
8.0901016229e-03 -1.0346081853e+00
8.1462076784e-03 -1.0346332086e+00
8.2027028377e-03 -1.0346584055e+00
8.2595897992e-03 -1.0346837771e+00
8.3168712804e-03 -1.0347093246e+00
8.3745500171e-03 -1.0347350493e+00
8.4326287643e-03 -1.0347609524e+00
8.4911102964e-03 -1.0347870352e+00
8.5499974065e-03 -1.0348132988e+00
8.6092929075e-03 -1.0348397446e+00
8.6689996315e-03 -1.0348663738e+00
8.7291204306e-03 -1.0348931877e+00
8.7896581763e-03 -1.0349201875e+00
8.8506157603e-03 -1.0349473746e+00
8.9119960942e-03 -1.0349747503e+00
8.9738021098e-03 -1.0350023157e+00
9.0360367593e-03 -1.0350300724e+00
9.0987030153e-03 -1.0350580215e+00
9.1618038711e-03 -1.0350861645e+00
9.2253423407e-03 -1.0351145027e+00
9.2893214590e-03 -1.0351430374e+00
9.3537442820e-03 -1.0351717699e+00
9.4186138869e-03 -1.0352007018e+00
9.4839333721e-03 -1.0352298343e+00
9.5497058576e-03 -1.0352591688e+00
9.6159344850e-03 -1.0352887068e+00
9.6826224178e-03 -1.0353184496e+00
9.7497728414e-03 -1.0353483987e+00
9.8173889631e-03 -1.0353785555e+00
9.8854740126e-03 -1.0354089214e+00
9.9540312420e-03 -1.0354394979e+00
1.0023063926e-02 -1.0354702865e+00
1.0092575362e-02 -1.0355012886e+00
1.0162568870e-02 -1.0355325057e+00
1.0233047793e-02 -1.0355639393e+00
1.0304015499e-02 -1.0355955909e+00
1.0375475375e-02 -1.0356274620e+00
1.0447430837e-02 -1.0356595542e+00
1.0519885320e-02 -1.0356918689e+00
1.0592842286e-02 -1.0357244077e+00
1.0666305220e-02 -1.0357571721e+00
1.0740277630e-02 -1.0357901638e+00
1.0814763049e-02 -1.0358233843e+00
1.0889765036e-02 -1.0358568352e+00
1.0965287173e-02 -1.0358905181e+00
1.1041333067e-02 -1.0359244345e+00
1.1117906350e-02 -1.0359585862e+00
1.1195010681e-02 -1.0359929748e+00
1.1272649741e-02 -1.0360276018e+00
1.1350827240e-02 -1.0360624689e+00
1.1429546912e-02 -1.0360975779e+00
1.1508812516e-02 -1.0361329304e+00
1.1588627839e-02 -1.0361685280e+00
1.1668996693e-02 -1.0362043725e+00
1.1749922917e-02 -1.0362404656e+00
1.1831410376e-02 -1.0362768090e+00
1.1913462963e-02 -1.0363134045e+00
1.1996084597e-02 -1.0363502537e+00
1.2079279224e-02 -1.0363873585e+00
1.2163050818e-02 -1.0364247207e+00
1.2247403381e-02 -1.0364623419e+00
1.2332340941e-02 -1.0365002241e+00
1.2417867556e-02 -1.0365383689e+00
1.2503987310e-02 -1.0365767783e+00
1.2590704318e-02 -1.0366154541e+00
1.2678022721e-02 -1.0366543981e+00
1.2765946690e-02 -1.0366936122e+00
1.2854480425e-02 -1.0367330983e+00
1.2943628155e-02 -1.0367728582e+00
1.3033394137e-02 -1.0368128938e+00
1.3123782660e-02 -1.0368532071e+00
1.3214798040e-02 -1.0368937999e+00
1.3306444626e-02 -1.0369346743e+00
1.3398726794e-02 -1.0369758322e+00
1.3491648953e-02 -1.0370172754e+00
1.3585215541e-02 -1.0370590061e+00
1.3679431027e-02 -1.0371010262e+00
1.3774299912e-02 -1.0371433378e+00
1.3869826726e-02 -1.0371859427e+00
1.3966016033e-02 -1.0372288432e+00
1.4062872427e-02 -1.0372720411e+00
1.4160400534e-02 -1.0373155386e+00
1.4258605014e-02 -1.0373593378e+00
1.4357490555e-02 -1.0374034408e+00
1.4457061883e-02 -1.0374478496e+00
1.4557323753e-02 -1.0374925664e+00
1.4658280954e-02 -1.0375375933e+00
1.4759938308e-02 -1.0375829325e+00
1.4862300671e-02 -1.0376285861e+00
1.4965372932e-02 -1.0376745563e+00
1.5069160014e-02 -1.0377208454e+00
1.5173666875e-02 -1.0377674554e+00
1.5278898507e-02 -1.0378143887e+00
1.5384859936e-02 -1.0378616475e+00
1.5491556223e-02 -1.0379092341e+00
1.5598992464e-02 -1.0379571506e+00
1.5707173792e-02 -1.0380053995e+00
1.5816105374e-02 -1.0380539830e+00
1.5925792412e-02 -1.0381029034e+00
1.6036240146e-02 -1.0381521631e+00
1.6147453851e-02 -1.0382017644e+00
1.6259438840e-02 -1.0382517097e+00
1.6372200462e-02 -1.0383020014e+00
1.6485744102e-02 -1.0383526419e+00
1.6600075184e-02 -1.0384036335e+00
1.6715199169e-02 -1.0384549788e+00
1.6831121556e-02 -1.0385066802e+00
1.6947847882e-02 -1.0385587402e+00
1.7065383723e-02 -1.0386111611e+00
1.7183734692e-02 -1.0386639457e+00
1.7302906442e-02 -1.0387170963e+00
1.7422904666e-02 -1.0387706155e+00
1.7543735096e-02 -1.0388245059e+00
1.7665403503e-02 -1.0388787700e+00
1.7787915698e-02 -1.0389334104e+00
1.7911277533e-02 -1.0389884298e+00
1.8035494901e-02 -1.0390438307e+00
1.8160573735e-02 -1.0390996159e+00
1.8286520009e-02 -1.0391557879e+00
1.8413339740e-02 -1.0392123495e+00
1.8541038983e-02 -1.0392693034e+00
1.8669623841e-02 -1.0393266522e+00
1.8799100453e-02 -1.0393843988e+00
1.8929475005e-02 -1.0394425459e+00
1.9060753723e-02 -1.0395010962e+00
1.9192942879e-02 -1.0395600525e+00
1.9326048787e-02 -1.0396194178e+00
1.9460077803e-02 -1.0396791947e+00
1.9595036331e-02 -1.0397393862e+00
1.9730930816e-02 -1.0397999951e+00
1.9867767750e-02 -1.0398610244e+00
2.0005553668e-02 -1.0399224769e+00
2.0144295152e-02 -1.0399843556e+00
2.0283998828e-02 -1.0400466635e+00
2.0424671371e-02 -1.0401094034e+00
2.0566319498e-02 -1.0401725785e+00
2.0708949976e-02 -1.0402361917e+00
2.0852569618e-02 -1.0403002460e+00
2.0997185283e-02 -1.0403647446e+00
2.1142803879e-02 -1.0404296905e+00
2.1289432362e-02 -1.0404950868e+00
2.1437077735e-02 -1.0405609367e+00
2.1585747051e-02 -1.0406272432e+00
2.1735447410e-02 -1.0406940095e+00
2.1886185964e-02 -1.0407612389e+00
2.2037969912e-02 -1.0408289346e+00
2.2190806504e-02 -1.0408970997e+00
2.2344703041e-02 -1.0409657376e+00
2.2499666872e-02 -1.0410348514e+00
2.2655705402e-02 -1.0411044446e+00
2.2812826081e-02 -1.0411745204e+00
2.2971036416e-02 -1.0412450822e+00
2.3130343962e-02 -1.0413161334e+00
2.3290756331e-02 -1.0413876773e+00
2.3452281183e-02 -1.0414597174e+00
2.3614926233e-02 -1.0415322571e+00
2.3778699252e-02 -1.0416052999e+00
2.3943608060e-02 -1.0416788492e+00
2.4109660536e-02 -1.0417529086e+00
2.4276864610e-02 -1.0418274816e+00
2.4445228269e-02 -1.0419025718e+00
2.4614759555e-02 -1.0419781828e+00
2.4785466566e-02 -1.0420543181e+00
2.4957357455e-02 -1.0421309814e+00
2.5130440433e-02 -1.0422081764e+00
2.5304723767e-02 -1.0422859068e+00
2.5480215782e-02 -1.0423641762e+00
2.5656924860e-02 -1.0424429885e+00
2.5834859442e-02 -1.0425223473e+00
2.6014028027e-02 -1.0426022565e+00
2.6194439172e-02 -1.0426827199e+00
2.6376101495e-02 -1.0427637413e+00
2.6559023674e-02 -1.0428453246e+00
2.6743214445e-02 -1.0429274736e+00
2.6928682606e-02 -1.0430101924e+00
2.7115437017e-02 -1.0430934849e+00
2.7303486597e-02 -1.0431773550e+00
2.7492840328e-02 -1.0432618068e+00
2.7683507256e-02 -1.0433468442e+00
2.7875496488e-02 -1.0434324714e+00
2.8068817193e-02 -1.0435186925e+00
2.8263478606e-02 -1.0436055115e+00
2.8459490025e-02 -1.0436929326e+00
2.8656860813e-02 -1.0437809599e+00
2.8855600395e-02 -1.0438695978e+00
2.9055718267e-02 -1.0439588503e+00
2.9257223985e-02 -1.0440487219e+00
2.9460127176e-02 -1.0441392167e+00
2.9664437530e-02 -1.0442303391e+00
2.9870164807e-02 -1.0443220935e+00
3.0077318833e-02 -1.0444144842e+00
3.0285909503e-02 -1.0445075156e+00
3.0495946781e-02 -1.0446011923e+00
3.0707440698e-02 -1.0446955186e+00
3.0920401356e-02 -1.0447904990e+00
3.1134838929e-02 -1.0448861382e+00
3.1350763658e-02 -1.0449824406e+00
3.1568185857e-02 -1.0450794109e+00
3.1787115911e-02 -1.0451770537e+00
3.2007564278e-02 -1.0452753737e+00
3.2229541486e-02 -1.0453743755e+00
3.2453058140e-02 -1.0454740639e+00
3.2678124915e-02 -1.0455744437e+00
3.2904752561e-02 -1.0456755196e+00
3.3132951903e-02 -1.0457772965e+00
3.3362733842e-02 -1.0458797793e+00
3.3594109353e-02 -1.0459829728e+00
3.3827089487e-02 -1.0460868819e+00
3.4061685374e-02 -1.0461915117e+00
3.4297908217e-02 -1.0462968671e+00
3.4535769301e-02 -1.0464029531e+00
3.4775279987e-02 -1.0465097749e+00
3.5016451714e-02 -1.0466173375e+00
3.5259296004e-02 -1.0467256460e+00
3.5503824455e-02 -1.0468347057e+00
3.5750048747e-02 -1.0469445217e+00
3.5997980641e-02 -1.0470550994e+00
3.6247631979e-02 -1.0471664439e+00
3.6499014687e-02 -1.0472785606e+00
3.6752140771e-02 -1.0473914548e+00
3.7007022322e-02 -1.0475051320e+00
3.7263671514e-02 -1.0476195975e+00
3.7522100606e-02 -1.0477348569e+00
3.7782321943e-02 -1.0478509156e+00
3.8044347953e-02 -1.0479677792e+00
3.8308191153e-02 -1.0480854533e+00
3.8573864144e-02 -1.0482039434e+00
3.8841379617e-02 -1.0483232553e+00
3.9110750349e-02 -1.0484433947e+00
3.9381989207e-02 -1.0485643672e+00
3.9655109147e-02 -1.0486861787e+00
3.9930123215e-02 -1.0488088350e+00
4.0207044546e-02 -1.0489323419e+00
4.0485886367e-02 -1.0490567053e+00
4.0766661998e-02 -1.0491819313e+00
4.1049384849e-02 -1.0493080256e+00
4.1334068425e-02 -1.0494349945e+00
4.1620726325e-02 -1.0495628439e+00
4.1909372239e-02 -1.0496915800e+00
4.2200019955e-02 -1.0498212089e+00
4.2492683357e-02 -1.0499517368e+00
4.2787376423e-02 -1.0500831699e+00
4.3084113228e-02 -1.0502155145e+00
4.3382907948e-02 -1.0503487769e+00
4.3683774853e-02 -1.0504829636e+00
4.3986728315e-02 -1.0506180808e+00
4.4291782805e-02 -1.0507541351e+00
4.4598952892e-02 -1.0508911330e+00
4.4908253249e-02 -1.0510290809e+00
4.5219698651e-02 -1.0511679856e+00
4.5533303972e-02 -1.0513078536e+00
4.5849084193e-02 -1.0514486916e+00
4.6167054397e-02 -1.0515905063e+00
4.6487229771e-02 -1.0517333045e+00
4.6809625609e-02 -1.0518770930e+00
4.7134257310e-02 -1.0520218788e+00
4.7461140380e-02 -1.0521676686e+00
4.7790290432e-02 -1.0523144695e+00
4.8121723189e-02 -1.0524622885e+00
4.8455454482e-02 -1.0526111327e+00
4.8791500250e-02 -1.0527610091e+00
4.9129876546e-02 -1.0529119249e+00
4.9470599531e-02 -1.0530638874e+00
4.9813685481e-02 -1.0532169037e+00
5.0159150783e-02 -1.0533709812e+00
5.0507011939e-02 -1.0535261273e+00
5.0857285562e-02 -1.0536823494e+00
5.1209988386e-02 -1.0538396548e+00
5.1565137256e-02 -1.0539980512e+00
5.1922749136e-02 -1.0541575461e+00
5.2282841107e-02 -1.0543181471e+00
5.2645430370e-02 -1.0544798619e+00
5.3010534243e-02 -1.0546426983e+00
5.3378170165e-02 -1.0548066639e+00
5.3748355698e-02 -1.0549717666e+00
5.4121108522e-02 -1.0551380144e+00
5.4496446442e-02 -1.0553054151e+00
5.4874387386e-02 -1.0554739768e+00
5.5254949407e-02 -1.0556437074e+00
5.5638150682e-02 -1.0558146152e+00
5.6024009514e-02 -1.0559867082e+00
5.6412544335e-02 -1.0561599948e+00
5.6803773703e-02 -1.0563344831e+00
5.7197716304e-02 -1.0565101815e+00
5.7594390955e-02 -1.0566870984e+00
5.7993816605e-02 -1.0568652422e+00
5.8396012330e-02 -1.0570446215e+00
5.8800997343e-02 -1.0572252448e+00
5.9208790986e-02 -1.0574071208e+00
5.9619412739e-02 -1.0575902581e+00
6.0032882215e-02 -1.0577746655e+00
6.0449219163e-02 -1.0579603517e+00
6.0868443470e-02 -1.0581473258e+00
6.1290575159e-02 -1.0583355965e+00
6.1715634394e-02 -1.0585251729e+00
6.2143641478e-02 -1.0587160641e+00
6.2574616855e-02 -1.0589082791e+00
6.3008581110e-02 -1.0591018272e+00
6.3445554972e-02 -1.0592967175e+00
6.3885559312e-02 -1.0594929595e+00
6.4328615147e-02 -1.0596905624e+00
6.4774743641e-02 -1.0598895357e+00
6.5223966101e-02 -1.0600898889e+00
6.5676303987e-02 -1.0602916316e+00
6.6131778902e-02 -1.0604947734e+00
6.6590412604e-02 -1.0606993240e+00
6.7052226998e-02 -1.0609052932e+00
6.7517244144e-02 -1.0611126909e+00
6.7985486253e-02 -1.0613215269e+00
6.8456975690e-02 -1.0615318112e+00
6.8931734977e-02 -1.0617435538e+00
6.9409786790e-02 -1.0619567649e+00
6.9891153963e-02 -1.0621714547e+00
7.0375859488e-02 -1.0623876333e+00
7.0863926519e-02 -1.0626053112e+00
7.1355378367e-02 -1.0628244988e+00
7.1850238506e-02 -1.0630452064e+00
7.2348530574e-02 -1.0632674446e+00
7.2850278371e-02 -1.0634912242e+00
7.3355505864e-02 -1.0637165556e+00
7.3864237184e-02 -1.0639434498e+00
7.4376496631e-02 -1.0641719175e+00
7.4892308674e-02 -1.0644019697e+00
7.5411697950e-02 -1.0646336173e+00
7.5934689268e-02 -1.0648668714e+00
7.6461307608e-02 -1.0651017432e+00
7.6991578124e-02 -1.0653382438e+00
7.7525526145e-02 -1.0655763847e+00
7.8063177175e-02 -1.0658161770e+00
7.8604556895e-02 -1.0660576324e+00
7.9149691163e-02 -1.0663007623e+00
7.9698606018e-02 -1.0665455783e+00
8.0251327680e-02 -1.0667920921e+00
8.0807882548e-02 -1.0670403156e+00
8.1368297206e-02 -1.0672902606e+00
8.1932598424e-02 -1.0675419389e+00
8.2500813154e-02 -1.0677953627e+00
8.3072968538e-02 -1.0680505440e+00
8.3649091904e-02 -1.0683074950e+00
8.4229210771e-02 -1.0685662280e+00
8.4813352849e-02 -1.0688267554e+00
8.5401546039e-02 -1.0690890895e+00
8.5993818435e-02 -1.0693532430e+00
8.6590198329e-02 -1.0696192285e+00
8.7190714206e-02 -1.0698870585e+00
8.7795394749e-02 -1.0701567461e+00
8.8404268842e-02 -1.0704283039e+00
8.9017365567e-02 -1.0707017450e+00
8.9634714209e-02 -1.0709770825e+00
9.0256344256e-02 -1.0712543295e+00
9.0882285398e-02 -1.0715334993e+00
9.1512567536e-02 -1.0718146051e+00
9.2147220774e-02 -1.0720976605e+00
9.2786275426e-02 -1.0723826788e+00
9.3429762017e-02 -1.0726696739e+00
9.4077711283e-02 -1.0729586592e+00
9.4730154174e-02 -1.0732496488e+00
9.5387121852e-02 -1.0735426563e+00
9.6048645700e-02 -1.0738376960e+00
9.6714757313e-02 -1.0741347818e+00
9.7385488509e-02 -1.0744339279e+00
9.8060871325e-02 -1.0747351486e+00
9.8740938022e-02 -1.0750384584e+00
9.9425721081e-02 -1.0753438716e+00
1.0011525321e-01 -1.0756514029e+00
1.0080956735e-01 -1.0759610670e+00
1.0150869666e-01 -1.0762728787e+00
1.0221267454e-01 -1.0765868528e+00
1.0292153461e-01 -1.0769030044e+00
1.0363531073e-01 -1.0772213486e+00
1.0435403699e-01 -1.0775419005e+00
1.0507774772e-01 -1.0778646755e+00
1.0580647750e-01 -1.0781896890e+00
1.0654026112e-01 -1.0785169565e+00
1.0727913365e-01 -1.0788464936e+00
1.0802313036e-01 -1.0791783161e+00
1.0877228680e-01 -1.0795124399e+00
1.0952663875e-01 -1.0798488809e+00
1.1028622225e-01 -1.0801876551e+00
1.1105107357e-01 -1.0805287788e+00
1.1182122925e-01 -1.0808722682e+00
1.1259672607e-01 -1.0812181398e+00
1.1337760107e-01 -1.0815664101e+00
1.1416389156e-01 -1.0819170956e+00
1.1495563510e-01 -1.0822702133e+00
1.1575286949e-01 -1.0826257798e+00
1.1655563282e-01 -1.0829838122e+00
1.1736396343e-01 -1.0833443277e+00
1.1817789993e-01 -1.0837073434e+00
1.1899748121e-01 -1.0840728766e+00
1.1982274640e-01 -1.0844409449e+00
1.2065373493e-01 -1.0848115658e+00
1.2149048649e-01 -1.0851847570e+00
1.2233304105e-01 -1.0855605363e+00
1.2318143884e-01 -1.0859389217e+00
1.2403572040e-01 -1.0863199313e+00
1.2489592653e-01 -1.0867035832e+00
1.2576209832e-01 -1.0870898959e+00
1.2663427714e-01 -1.0874788876e+00
1.2751250464e-01 -1.0878705771e+00
1.2839682279e-01 -1.0882649830e+00
1.2928727381e-01 -1.0886621241e+00
1.3018390024e-01 -1.0890620195e+00
1.3108674491e-01 -1.0894646882e+00
1.3199585094e-01 -1.0898701495e+00
1.3291126176e-01 -1.0902784227e+00
1.3383302109e-01 -1.0906895274e+00
1.3476117295e-01 -1.0911034831e+00
1.3569576169e-01 -1.0915203097e+00
1.3663683193e-01 -1.0919400270e+00
1.3758442864e-01 -1.0923626552e+00
1.3853859707e-01 -1.0927882143e+00
1.3949938281e-01 -1.0932167247e+00
1.4046683173e-01 -1.0936482070e+00
1.4144099006e-01 -1.0940826816e+00
1.4242190431e-01 -1.0945201693e+00
1.4340962136e-01 -1.0949606911e+00
1.4440418837e-01 -1.0954042680e+00
1.4540565284e-01 -1.0958509212e+00
1.4641406263e-01 -1.0963006719e+00
1.4742946588e-01 -1.0967535418e+00
1.4845191111e-01 -1.0972095524e+00
1.4948144715e-01 -1.0976687254e+00
1.5051812317e-01 -1.0981310829e+00
1.5156198869e-01 -1.0985966470e+00
1.5261309358e-01 -1.0990654397e+00
1.5367148803e-01 -1.0995374837e+00
1.5473722261e-01 -1.1000128013e+00
1.5581034821e-01 -1.1004914153e+00
1.5689091610e-01 -1.1009733486e+00
1.5797897789e-01 -1.1014586241e+00
1.5907458555e-01 -1.1019472652e+00
1.6017779141e-01 -1.1024392950e+00
1.6128864816e-01 -1.1029347371e+00
1.6240720888e-01 -1.1034336152e+00
1.6353352697e-01 -1.1039359530e+00
1.6466765625e-01 -1.1044417747e+00
1.6580965089e-01 -1.1049511043e+00
1.6695956543e-01 -1.1054639662e+00
1.6811745479e-01 -1.1059803848e+00
1.6928337429e-01 -1.1065003849e+00
1.7045737962e-01 -1.1070239913e+00
1.7163952685e-01 -1.1075512290e+00
1.7282987244e-01 -1.1080821231e+00
1.7402847325e-01 -1.1086166991e+00
1.7523538655e-01 -1.1091549824e+00
1.7645066996e-01 -1.1096969988e+00
1.7767438154e-01 -1.1102427742e+00
1.7890657975e-01 -1.1107923346e+00
1.8014732343e-01 -1.1113457063e+00
1.8139667186e-01 -1.1119029156e+00
1.8265468470e-01 -1.1124639894e+00
1.8392142205e-01 -1.1130289542e+00
1.8519694440e-01 -1.1135978372e+00
1.8648131270e-01 -1.1141706655e+00
1.8777458828e-01 -1.1147474664e+00
1.8907683292e-01 -1.1153282675e+00
1.9038810882e-01 -1.1159130965e+00
1.9170847861e-01 -1.1165019815e+00
1.9303800536e-01 -1.1170949504e+00
1.9437675258e-01 -1.1176920316e+00
1.9572478421e-01 -1.1182932538e+00
1.9708216463e-01 -1.1188986454e+00
1.9844895870e-01 -1.1195082356e+00
1.9982523168e-01 -1.1201220533e+00
2.0121104932e-01 -1.1207401280e+00
2.0260647781e-01 -1.1213624891e+00
2.0401158380e-01 -1.1219891664e+00
2.0542643441e-01 -1.1226201897e+00
2.0685109722e-01 -1.1232555894e+00
2.0828564028e-01 -1.1238953956e+00
2.0973013211e-01 -1.1245396389e+00
2.1118464170e-01 -1.1251883502e+00
2.1264923854e-01 -1.1258415604e+00
2.1412399257e-01 -1.1264993007e+00
2.1560897424e-01 -1.1271616025e+00
2.1710425447e-01 -1.1278284975e+00
2.1860990470e-01 -1.1285000175e+00
2.2012599683e-01 -1.1291761946e+00
2.2165260329e-01 -1.1298570611e+00
2.2318979699e-01 -1.1305426495e+00
2.2473765136e-01 -1.1312329925e+00
2.2629624033e-01 -1.1319281232e+00
2.2786563834e-01 -1.1326280747e+00
2.2944592036e-01 -1.1333328805e+00
2.3103716187e-01 -1.1340425742e+00
2.3263943888e-01 -1.1347571897e+00
2.3425282791e-01 -1.1354767612e+00
2.3587740604e-01 -1.1362013231e+00
2.3751325086e-01 -1.1369309099e+00
2.3916044051e-01 -1.1376655565e+00
2.4081905366e-01 -1.1384052979e+00
2.4248916954e-01 -1.1391501696e+00
2.4417086792e-01 -1.1399002071e+00
2.4586422912e-01 -1.1406554462e+00
2.4756933404e-01 -1.1414159230e+00
2.4928626412e-01 -1.1421816738e+00
2.5101510136e-01 -1.1429527352e+00
2.5275592834e-01 -1.1437291440e+00
2.5450882822e-01 -1.1445109374e+00
2.5627388471e-01 -1.1452981526e+00
2.5805118214e-01 -1.1460908272e+00
2.5984080539e-01 -1.1468889992e+00
2.6164283994e-01 -1.1476927066e+00
2.6345737186e-01 -1.1485019879e+00
2.6528448784e-01 -1.1493168816e+00
2.6712427514e-01 -1.1501374267e+00
2.6897682163e-01 -1.1509636624e+00
2.7084221581e-01 -1.1517956283e+00
2.7272054677e-01 -1.1526333639e+00
2.7461190424e-01 -1.1534769093e+00
2.7651637855e-01 -1.1543263048e+00
2.7843406068e-01 -1.1551815911e+00
2.8036504221e-01 -1.1560428088e+00
2.8230941539e-01 -1.1569099993e+00
2.8426727309e-01 -1.1577832038e+00
2.8623870881e-01 -1.1586624641e+00
2.8822381674e-01 -1.1595478223e+00
2.9022269169e-01 -1.1604393205e+00
2.9223542913e-01 -1.1613370014e+00
2.9426212520e-01 -1.1622409078e+00
2.9630287671e-01 -1.1631510830e+00
2.9835778114e-01 -1.1640675704e+00
3.0042693663e-01 -1.1649904137e+00
3.0251044203e-01 -1.1659196571e+00
3.0460839684e-01 -1.1668553450e+00
3.0672090128e-01 -1.1677975220e+00
3.0884805625e-01 -1.1687462331e+00
3.1098996336e-01 -1.1697015237e+00
3.1314672492e-01 -1.1706634393e+00
3.1531844393e-01 -1.1716320260e+00
3.1750522414e-01 -1.1726073300e+00
3.1970716999e-01 -1.1735893978e+00
3.2192438666e-01 -1.1745782765e+00
3.2415698006e-01 -1.1755740131e+00
3.2640505683e-01 -1.1765766553e+00
3.2866872434e-01 -1.1775862511e+00
3.3094809072e-01 -1.1786028485e+00
3.3324326485e-01 -1.1796264961e+00
3.3555435635e-01 -1.1806572429e+00
3.3788147562e-01 -1.1816951381e+00
3.4022473380e-01 -1.1827402313e+00
3.4258424282e-01 -1.1837925723e+00
3.4496011539e-01 -1.1848522115e+00
3.4735246499e-01 -1.1859191994e+00
3.4976140588e-01 -1.1869935870e+00
3.5218705314e-01 -1.1880754257e+00
3.5462952263e-01 -1.1891647671e+00
3.5708893100e-01 -1.1902616632e+00
3.5956539574e-01 -1.1913661665e+00
3.6205903512e-01 -1.1924783297e+00
3.6456996826e-01 -1.1935982058e+00
3.6709831510e-01 -1.1947258485e+00
3.6964419640e-01 -1.1958613116e+00
3.7220773376e-01 -1.1970046493e+00
3.7478904964e-01 -1.1981559161e+00
3.7738826732e-01 -1.1993151672e+00
3.8000551097e-01 -1.2004824579e+00
3.8264090559e-01 -1.2016578439e+00
3.8529457706e-01 -1.2028413814e+00
3.8796665213e-01 -1.2040331269e+00
3.9065725845e-01 -1.2052331373e+00
3.9336652451e-01 -1.2064414699e+00
3.9609457974e-01 -1.2076581826e+00
3.9884155444e-01 -1.2088833333e+00
4.0160757981e-01 -1.2101169806e+00
4.0439278799e-01 -1.2113591834e+00
4.0719731199e-01 -1.2126100011e+00
4.1002128578e-01 -1.2138694935e+00
4.1286484425e-01 -1.2151377205e+00
4.1572812322e-01 -1.2164147430e+00
4.1861125946e-01 -1.2177006217e+00
4.2151439067e-01 -1.2189954182e+00
4.2443765553e-01 -1.2202991944e+00
4.2738119367e-01 -1.2216120124e+00
4.3034514567e-01 -1.2229339350e+00
4.3332965313e-01 -1.2242650253e+00
4.3633485859e-01 -1.2256053469e+00
4.3936090559e-01 -1.2269549639e+00
4.4240793868e-01 -1.2283139407e+00
4.4547610339e-01 -1.2296823421e+00
4.4856554629e-01 -1.2310602336e+00
4.5167641493e-01 -1.2324476811e+00
4.5480885790e-01 -1.2338447506e+00
4.5796302483e-01 -1.2352515091e+00
4.6113906638e-01 -1.2366680236e+00
4.6433713424e-01 -1.2380943619e+00
4.6755738118e-01 -1.2395305920e+00
4.7079996101e-01 -1.2409767826e+00
4.7406502862e-01 -1.2424330028e+00
4.7735273995e-01 -1.2438993220e+00
4.8066325205e-01 -1.2453758104e+00
4.8399672304e-01 -1.2468625385e+00
4.8735331215e-01 -1.2483595772e+00
4.9073317970e-01 -1.2498669981e+00
4.9413648713e-01 -1.2513848733e+00
4.9756339701e-01 -1.2529132751e+00
5.0101407301e-01 -1.2544522766e+00
5.0448867997e-01 -1.2560019513e+00
5.0798738384e-01 -1.2575623732e+00
5.1151035174e-01 -1.2591336169e+00
5.1505775195e-01 -1.2607157574e+00
5.1862975390e-01 -1.2623088702e+00
5.2222652822e-01 -1.2639130316e+00
5.2584824670e-01 -1.2655283180e+00
5.2949508233e-01 -1.2671548067e+00
5.3316720931e-01 -1.2687925754e+00
5.3686480304e-01 -1.2704417022e+00
5.4058804013e-01 -1.2721022659e+00
5.4433709842e-01 -1.2737743459e+00
5.4811215698e-01 -1.2754580220e+00
5.5191339614e-01 -1.2771533747e+00
5.5574099746e-01 -1.2788604849e+00
5.5959514376e-01 -1.2805794341e+00
5.6347601913e-01 -1.2823103045e+00
5.6738380895e-01 -1.2840531788e+00
5.7131869988e-01 -1.2858081401e+00
5.7528087985e-01 -1.2875752724e+00
5.7927053814e-01 -1.2893546600e+00
5.8328786529e-01 -1.2911463879e+00
5.8733305321e-01 -1.2929505417e+00
5.9140629510e-01 -1.2947672076e+00
5.9550778553e-01 -1.2965964723e+00
5.9963772041e-01 -1.2984384233e+00
6.0379629699e-01 -1.3002931485e+00
6.0798371393e-01 -1.3021607364e+00
6.1220017122e-01 -1.3040412764e+00
6.1644587027e-01 -1.3059348581e+00
6.2072101387e-01 -1.3078415722e+00
6.2502580622e-01 -1.3097615096e+00
6.2936045295e-01 -1.3116947620e+00
6.3372516110e-01 -1.3136414219e+00
6.3812013915e-01 -1.3156015821e+00
6.4254559702e-01 -1.3175753363e+00
6.4700174610e-01 -1.3195627788e+00
6.5148879924e-01 -1.3215640045e+00
6.5600697075e-01 -1.3235791090e+00
6.6055647646e-01 -1.3256081885e+00
6.6513753366e-01 -1.3276513400e+00
6.6975036117e-01 -1.3297086611e+00
6.7439517933e-01 -1.3317802500e+00
6.7907220999e-01 -1.3338662057e+00
6.8378167655e-01 -1.3359666277e+00
6.8852380396e-01 -1.3380816166e+00
6.9329881873e-01 -1.3402112732e+00
6.9810694893e-01 -1.3423556992e+00
7.0294842423e-01 -1.3445149972e+00
7.0782347589e-01 -1.3466892702e+00
7.1273233674e-01 -1.3488786222e+00
7.1767524128e-01 -1.3510831576e+00
7.2265242559e-01 -1.3533029818e+00
7.2766412742e-01 -1.3555382008e+00
7.3271058614e-01 -1.3577889214e+00
7.3779204280e-01 -1.3600552511e+00
7.4290874012e-01 -1.3623372981e+00
7.4806092249e-01 -1.3646351714e+00
7.5324883601e-01 -1.3669489809e+00
7.5847272848e-01 -1.3692788369e+00
7.6373284943e-01 -1.3716248508e+00
7.6902945009e-01 -1.3739871347e+00
7.7436278346e-01 -1.3763658014e+00
7.7973310429e-01 -1.3787609645e+00
7.8514066909e-01 -1.3811727384e+00
7.9058573616e-01 -1.3836012383e+00
7.9606856558e-01 -1.3860465802e+00
8.0158941923e-01 -1.3885088810e+00
8.0714856082e-01 -1.3909882581e+00
8.1274625589e-01 -1.3934848301e+00
8.1838277179e-01 -1.3959987162e+00
8.2405837778e-01 -1.3985300365e+00
8.2977334493e-01 -1.4010789118e+00
8.3552794623e-01 -1.4036454640e+00
8.4132245654e-01 -1.4062298156e+00
8.4715715265e-01 -1.4088320901e+00
8.5303231323e-01 -1.4114524117e+00
8.5894821893e-01 -1.4140909056e+00
8.6490515231e-01 -1.4167476979e+00
8.7090339791e-01 -1.4194229155e+00
8.7694324223e-01 -1.4221166860e+00
8.8302497376e-01 -1.4248291383e+00
8.8914888301e-01 -1.4275604018e+00
8.9531526248e-01 -1.4303106071e+00
9.0152440671e-01 -1.4330798854e+00
9.0777661227e-01 -1.4358683691e+00
9.1407217780e-01 -1.4386761913e+00
9.2041140402e-01 -1.4415034862e+00
9.2679459371e-01 -1.4443503888e+00
9.3322205177e-01 -1.4472170351e+00
9.3969408520e-01 -1.4501035620e+00
9.4621100315e-01 -1.4530101074e+00
9.5277311689e-01 -1.4559368101e+00
9.5938073986e-01 -1.4588838100e+00
9.6603418768e-01 -1.4618512477e+00
9.7273377815e-01 -1.4648392651e+00
9.7947983127e-01 -1.4678480047e+00
9.8627266927e-01 -1.4708776105e+00
9.9311261661e-01 -1.4739282270e+00
1.0000000000e+00 -1.4770000000e+00
