1e-06	1.0
1.0082653707596288e-06	0.999999999875168
1.0165990578730536e-06	0.9999999997483423
1.0250016260002637e-06	0.9999999996194913
1.0334736444683805e-06	0.9999999994885825
1.0420156873102165e-06	0.9999999993555833
1.0506283333031869e-06	0.9999999992204602
1.0593121660085085e-06	0.9999999990831794
1.0680677738107544e-06	0.9999999989437064
1.0768957499577138e-06	0.9999999988020064
1.0857966926005827e-06	0.9999999986580438
1.0947712048345073e-06	0.9999999985117826
1.10381989473943e-06	0.9999999983631861
1.1129433754213081e-06	0.9999999982122171
1.1221422650536379e-06	0.9999999980588378
1.131417186919358e-06	0.9999999979030096
1.140768769453063e-06	0.9999999977446938
1.150197646283598e-06	0.9999999975838505
1.1597044562769867e-06	0.9999999974204394
1.1692898435797096e-06	0.9999999972544197
1.1789544576623666e-06	0.9999999970857497
1.188698953363663e-06	0.9999999969143873
1.198523990934799e-06	0.9999999967402895
1.208430236084185e-06	0.9999999965634128
1.2184183600225666e-06	0.9999999963837127
1.2284890395084943e-06	0.9999999962011444
1.2386429568941723e-06	0.9999999960156621
1.2488808001717082e-06	0.9999999958272194
1.2592032630197092e-06	0.9999999956357692
1.2696110448503041e-06	0.9999999954412635
1.2801048508565115e-06	0.9999999952436536
1.2906853920600425e-06	0.9999999950428899
1.3013533853594555e-06	0.9999999948389224
1.3121095535787494e-06	0.9999999946317
1.3229546255163315e-06	0.9999999944211708
1.3338893359943898e-06	0.999999994207282
1.3449144259087011e-06	0.9999999939899803
1.35603064227881e-06	0.9999999937692112
1.3672387382986648e-06	0.9999999935449194
1.3785394733876302e-06	0.999999993317049
1.3899336132419625e-06	0.9999999930855428
1.4014219298866805e-06	0.9999999928503429
1.4130052017278683e-06	0.9999999926113905
1.4246842136054362e-06	0.9999999923686258
1.4364597568462753e-06	0.9999999921219882
1.448332629317899e-06	0.9999999918714159
1.4603036354824793e-06	0.9999999916168463
1.4723735864513788e-06	0.9999999913582156
1.4845433000400836e-06	0.9999999910954592
1.4968136008236377e-06	0.9999999908285114
1.5091853201925033e-06	0.9999999905573056
1.5216592964088833e-06	0.9999999902817737
1.5342363746635418e-06	0.999999990001847
1.5469174071330446e-06	0.9999999897174555
1.559703253037526e-06	0.9999999894285281
1.5725947786988804e-06	0.9999999891349926
1.5855928575994828e-06	0.9999999888367754
1.5986983704413652e-06	0.9999999885338022
1.6119122052058774e-06	0.9999999882259973
1.6252352572138782e-06	0.9999999879132837
1.6386684291863714e-06	0.9999999875955832
1.6522126313056986e-06	0.9999999872728164
1.665868781277182e-06	0.9999999869449027
1.679637804391329e-06	0.9999999866117601
1.6935206335865156e-06	0.9999999862733056
1.7075182095121894e-06	0.9999999859294543
1.7216314805926287e-06	0.9999999855801204
1.7358614030911755e-06	0.9999999852252167
1.750208941175057e-06	0.9999999848646547
1.7646750669806863e-06	0.9999999844983439
1.7792607606795578e-06	0.9999999841261933
1.7939670105446336e-06	0.9999999837481096
1.8087948130173278e-06	0.9999999833639984
1.823745172775013e-06	0.999999982973764
1.8388191027990821e-06	0.9999999825773088
1.8540176244436082e-06	0.9999999821745338
1.8693417675045208e-06	0.9999999817653383
1.8847925702894092e-06	0.9999999813496204
1.9003710796878448e-06	0.9999999809272763
1.9160783512423447e-06	0.9999999804982003
1.931915449219861e-06	0.9999999800622854
1.947883446683918e-06	0.9999999796194229
1.963983425567308e-06	0.9999999791695021
1.9802164767453875e-06	0.9999999787124109
1.996583700110018e-06	0.999999978248035
2.0130862046440586e-06	0.9999999777762586
2.02972510849654e-06	0.999999977296964
2.0465015390583915e-06	0.9999999768100315
2.06341663303886e-06	0.9999999763153398
2.0804715365425156e-06	0.9999999758127651
2.0976674051468942e-06	0.9999999753021824
2.115005403980826e-06	0.9999999747834641
2.132486707803346e-06	0.9999999742564809
2.150112501083325e-06	0.9999999737211013
2.1678839780796915e-06	0.9999999731771917
2.1858023429223788e-06	0.9999999726246165
2.203868809693902e-06	0.9999999720632378
2.222084602511604e-06	0.9999999714929156
2.240450955610629e-06	0.9999999709135079
2.2589691134275157e-06	0.9999999703248699
2.2776403306845487e-06	0.999999969726855
2.2964658724747398e-06	0.9999999691193141
2.315447014347578e-06	0.9999999685020956
2.334585042395441e-06	0.9999999678750456
2.353881253340723e-06	0.999999967238008
2.3733369546237286e-06	0.9999999665908238
2.392953464491222e-06	0.9999999659333317
2.4127321120857848e-06	0.9999999652653679
2.432674237535836e-06	0.9999999645867659
2.452781192046472e-06	0.9999999638973565
2.47305433799098e-06	0.9999999631969678
2.493495049003184e-06	0.9999999624854256
2.514104710070499e-06	0.9999999617625522
2.534884717627761e-06	0.9999999610281678
2.5558364796518766e-06	0.9999999602820893
2.576961415757184e-06	0.9999999595241308
2.59826095729168e-06	0.9999999587541034
2.6197365474339636e-06	0.9999999579718154
2.6413896412910607e-06	0.9999999571770719
2.663221705996974e-06	0.999999956369675
2.68523422081213e-06	0.9999999555494234
2.707428677223591e-06	0.9999999547161131
2.7298065790460955e-06	0.9999999538695364
2.7523694425239907e-06	0.9999999530094825
2.7751187964339243e-06	0.9999999521357373
2.798056182188471e-06	0.9999999512480832
2.82118315394053e-06	0.9999999503462992
2.8445012786886677e-06	0.9999999494301607
2.8680121363832734e-06	0.9999999484994397
2.8917173200335962e-06	0.9999999475539045
2.9156184358157196e-06	0.9999999465933198
2.9397171031813454e-06	0.9999999456174464
2.964014954967567e-06	0.9999999446260416
2.9885136375074584e-06	0.9999999436188585
3.0132148107416645e-06	0.9999999425956464
3.038120148330855e-06	0.9999999415561508
3.063231337769108e-06	0.999999940500113
3.0885500804982897e-06	0.9999999394272702
3.1140780920232893e-06	0.9999999383373556
3.1398171020283057e-06	0.999999937230098
3.1657688544939927e-06	0.9999999361052218
3.191935107815671e-06	0.9999999349624472
3.2183176349224493e-06	0.9999999338014902
3.244918223397335e-06	0.9999999326220619
3.2717386755983968e-06	0.9999999314238689
3.2987808087808343e-06	0.9999999302066132
3.3260464552201626e-06	0.9999999289699921
3.3535374623363063e-06	0.9999999277136983
3.3812556928188275e-06	0.9999999264374192
3.4092030247530803e-06	0.9999999251408375
3.43738135174752e-06	0.9999999238236309
3.4657925830619467e-06	0.9999999224854719
3.4944386437369255e-06	0.9999999211260279
3.5233214747241924e-06	0.9999999197449609
3.55244303301815e-06	0.9999999183419277
3.5818052917885123e-06	0.9999999169165795
3.6114102405139446e-06	0.9999999154685622
3.64125988511692e-06	0.9999999139975158
3.671356248099575e-06	0.9999999125030749
3.7017013686807976e-06	0.9999999109848678
3.7322973029343773e-06	0.9999999094425178
3.7631461239282924e-06	0.9999999078756414
3.7942499218652274e-06	0.9999999062838494
3.825610804224136e-06	0.9999999046667463
3.857230895903098e-06	0.9999999030239305
3.889112339363232e-06	0.9999999013549938
3.9212572947739166e-06	0.9999998996595219
3.95366794015913e-06	0.9999998979370935
3.986346471545002e-06	0.9999998961872809
4.019295103108668e-06	0.9999998944096498
4.0525160673282216e-06	0.9999998926037584
4.08601161513405e-06	0.9999998907691586
4.119784016061282e-06	0.9999998889053949
4.153835558403622e-06	0.9999998870120045
4.188168549368366e-06	0.9999998850885172
4.222785315232712e-06	0.999999883134456
4.257688201501436e-06	0.9999998811493354
4.292879573065742e-06	0.9999998791326629
4.328361814363576e-06	0.999999877083938
4.36413732954111e-06	0.9999998750026522
4.400208542615712e-06	0.9999998728882891
4.436577897640117e-06	0.999999870740324
4.473247858868096e-06	0.999999868558224
4.510220910921356e-06	0.9999998663414476
4.547499558957952e-06	0.9999998640894449
4.585086328841997e-06	0.9999998618016572
4.622983767314782e-06	0.9999998594775171
4.6611944421673935e-06	0.9999998571164481
4.699720942414628e-06	0.9999998547178645
4.738565878470486e-06	0.9999998522811715
4.77773188232497e-06	0.9999998498057647
4.817221607722486e-06	0.9999998472910305
4.8570377303416165e-06	0.9999998447363451
4.8971829479763964e-06	0.9999998421410752
4.937659980719163e-06	0.9999998395045774
4.978471571144789e-06	0.9999998368261979
5.019620484496582e-06	0.9999998341052728
5.061109508873574e-06	0.9999998313411278
5.1029414554194965e-06	0.9999998285330777
5.145119158513229e-06	0.9999998256804263
5.18764547596081e-06	0.999999822782467
5.230523289189147e-06	0.9999998198384814
5.273755503441168e-06	0.99999981684774
5.317345047972753e-06	0.9999998138095018
5.361294876251124e-06	0.999999810723014
5.405607966155038e-06	0.999999807587512
5.450287320176523e-06	0.9999998044022189
5.495335965624286e-06	0.9999998011663458
5.540756954828905e-06	0.999999797879091
5.586553365349557e-06	0.9999997945396405
5.632728300182635e-06	0.9999997911471671
5.679284887971897e-06	0.9999997877008305
5.726226283220542e-06	0.9999997841997776
5.773555666504903e-06	0.9999997806431414
5.821276244689921e-06	0.9999997770300412
5.869391251146515e-06	0.9999997733595823
5.917903945970562e-06	0.9999997696308563
5.966817616203891e-06	0.99999976584294
6.0161355760569005e-06	0.9999997619948958
6.0658611671332155e-06	0.9999997580857712
6.115997758656006e-06	0.9999997541145988
6.1665487476963696e-06	0.9999997500803958
6.2175175594034046e-06	0.9999997459821637
6.268907647236376e-06	0.9999997418188884
6.3207224931986695e-06	0.99999973758954
6.372965608073681e-06	0.9999997332930718
6.425640531662787e-06	0.9999997289284211
6.478750833025078e-06	0.9999997244945081
6.532300110719297e-06	0.999999719990236
6.586291993047556e-06	0.9999997154144906
6.640730138301268e-06	0.9999997107661402
6.695618235008983e-06	0.9999997060440353
6.750960002186264e-06	0.9999997012470081
6.806759189587771e-06	0.9999996963738723
6.863019577961224e-06	0.999999691423423
6.919744979303679e-06	0.9999996863944363
6.9769392371197035e-06	0.9999996812856687
7.0346062266818995e-06	0.9999996760958576
7.092749855293433e-06	0.9999996708237198
7.151374062552736e-06	0.9999996654679522
7.210482820620543e-06	0.9999996600272311
7.270080134488905e-06	0.9999996545002119
7.330170042252684e-06	0.9999996488855287
7.390756615383025e-06	0.9999996431817941
7.451843959003345e-06	0.9999996373875989
7.513436212167423e-06	0.9999996315015112
7.575537548139808e-06	0.999999625522077
7.638152174678688e-06	0.9999996194478191
7.701284334320872e-06	0.9999996132772372
7.76493830466937e-06	0.9999996070088069
7.829118398683106e-06	0.9999996006409801
7.893828964969268e-06	0.9999995941721842
7.959074388077837e-06	0.9999995876008216
8.024859088798782e-06	0.9999995809252697
8.09118752446148e-06	0.9999995741438803
8.158064189236837e-06	0.9999995672549788
8.225493614441746e-06	0.9999995602568649
8.293480368846067e-06	0.9999995531478106
8.3620290589823e-06	0.9999995459260613
8.431144329457578e-06	0.9999995385898345
8.500830863268504e-06	0.9999995311373194
8.571093382118313e-06	0.9999995235666769
8.641936646736922e-06	0.9999995158760387
8.713365457203443e-06	0.9999995080635072
8.78538465327137e-06	0.9999995001271547
8.85799911469663e-06	0.999999492065023
8.93121376156806e-06	0.9999994838751235
9.005033554640938e-06	0.9999994755554356
9.079463495672944e-06	0.9999994671039071
9.154508627763196e-06	0.9999994585184536
9.230174035693898e-06	0.9999994497969577
9.306464846274807e-06	0.9999994409372683
9.383386228690738e-06	0.999999431937201
9.460943394851663e-06	0.9999994227945364
9.539141599745992e-06	0.9999994135070203
9.61798614179649e-06	0.9999994040723631
9.69748236321941e-06	0.9999993944882388
9.7776356503864e-06	0.999999384752285
9.858451434189407e-06	0.999999374862102
9.939935190408797e-06	0.999999364815252
1e-05	0.9999993573612008
1.0022092440084208e-05	0.999999354609256
1.0104928749888795e-05	0.9999993442416051
1.0188449732506259e-05	0.9999993337097416
1.0272661047011264e-05	0.9999993230110703
1.0357568399252828e-05	0.9999993121429556
1.044317754224089e-05	0.9999993011027198
1.052949427653614e-05	0.9999992898876434
1.06165244506431e-05	0.9999992784949641
1.070427396140635e-05	0.9999992669218755
1.0792748754410015e-05	0.9999992551655276
1.0881954824380736e-05	0.9999992432230251
1.0971898215593797e-05	0.9999992310914275
1.1062585022282612e-05	0.9999992187677473
1.1154021389051693e-05	0.9999992062489507
1.1246213511293036e-05	0.9999991935319553
1.133916763560584e-05	0.9999991806136309
1.1432890060219707e-05	0.9999991674907975
1.152738713542152e-05	0.9999991541602251
1.1622665263985554e-05	0.999999140618633
1.1718730901607477e-05	0.9999991268626885
1.181559055734158e-05	0.9999991128890067
1.1913250794041978e-05	0.9999990986941493
1.20117182288072e-05	0.9999990842746237
1.2110999533428484e-05	0.9999990696268825
1.2211101434841987e-05	0.9999990547473223
1.2312030715584391e-05	0.9999990396322831
1.2413794214252659e-05	0.9999990242780471
1.2516398825967191e-05	0.999999008680838
1.2619851502839193e-05	0.99999899283682
1.2724159254441644e-05	0.9999989767420973
1.2829329148284165e-05	0.999998960392712
1.2935368310292073e-05	0.9999989437846446
1.3042283925288989e-05	0.999998926913812
1.3150083237483876e-05	0.9999989097760668
1.325877355096166e-05	0.9999988923671964
1.3368362230178317e-05	0.9999988746829219
1.3478856700459786e-05	0.9999988567188971
1.359026444850502e-05	0.9999988384707071
1.3702593022893318e-05	0.999998819933868
1.3815850034595832e-05	0.9999988011038249
1.3930043157491226e-05	0.9999987819759514
1.404518012888552e-05	0.9999987625455483
1.416126875003653e-05	0.9999987428078425
1.4278316886682355e-05	0.9999987227579857
1.4396332469574284e-05	0.9999987023910534
1.4515323495014197e-05	0.9999986817020434
1.463529802539644e-05	0.9999986606858752
1.4756264189754035e-05	0.999998639337388
1.4878230184309385e-05	0.9999986176513399
1.5001204273029802e-05	0.9999985956224069
1.5125194788187352e-05	0.9999985732451807
1.5250210130923356e-05	0.9999985505141683
1.5376258771817684e-05	0.9999985274237901
1.5503349251462752e-05	0.9999985039683791
1.5631490181042136e-05	0.9999984801421786
1.5760690242913944e-05	0.9999984559393419
1.5890958191199327e-05	0.9999984313539302
1.6022302852375346e-05	0.999998406379911
1.6154733125873318e-05	0.9999983810111576
1.6288257984681517e-05	0.9999983552414462
1.6422886475953397e-05	0.9999983290644557
1.6558627721620478e-05	0.9999983024737656
1.669549091901034e-05	0.9999982754628542
1.683348534147001e-05	0.9999982480250974
1.6972620338994036e-05	0.9999982201537669
1.7112905338858272e-05	0.999998191842029
1.7254349846258365e-05	0.999998163082942
1.7396963444954032e-05	0.9999981338694555
1.7540755797918325e-05	0.9999981041944082
1.7685736647992227e-05	0.9999980740505263
1.7831915818545073e-05	0.9999980434304218
1.7979303214139837e-05	0.9999980123265901
1.8127908821204526e-05	0.9999979807314093
1.8277742708708524e-05	0.9999979486371375
1.8428815028845104e-05	0.999997916035911
1.8581136017719166e-05	0.9999978829197429
1.8734715996040744e-05	0.9999978492805205
1.888956536982437e-05	0.9999978151100037
1.904569463109421e-05	0.9999977803998232
1.9203114358594916e-05	0.9999977451414781
1.9361835218508253e-05	0.9999977093263338
1.9521867965176063e-05	0.9999976729456204
1.9683223441828802e-05	0.99999763599043
1.9845912581320174e-05	0.9999975984517151
2.0009946406867965e-05	0.9999975603202856
2.017533603280103e-05	0.9999975215868078
2.0342092665312272e-05	0.9999974822418009
2.0510227603217803e-05	0.9999974422756354
2.0679752238722813e-05	0.9999974016785306
2.085067805819312e-05	0.9999973604405522
2.1023016642933785e-05	0.9999973185516102
2.119677966997348e-05	0.9999972760014559
2.137197891285597e-05	0.9999972327796798
2.1548626242437736e-05	0.9999971888757091
2.1726733627692153e-05	0.999997144278805
2.190631313652077e-05	0.9999970989780601
2.2087376936570637e-05	0.9999970529623958
2.2269937296059113e-05	0.9999970062205599
2.2454006584604727e-05	0.9999969587411232
2.263959727406563e-05	0.9999969105124775
2.282672193938451e-05	0.9999968615228323
2.3015393259440473e-05	0.9999968117602122
2.3205624017908458e-05	0.9999967612124537
2.339742710412502e-05	0.9999967098672029
2.3590815513962044e-05	0.9999966577119116
2.3785802350706945e-05	0.999996604733835
2.3982400825950788e-05	0.9999965509200285
2.4180624260483345e-05	0.9999964962573441
2.4380486085195516e-05	0.999996440732428
2.458199984198968e-05	0.9999963843317167
2.478517918469686e-05	0.999996327041434
2.4990037880002262e-05	0.9999962688475879
2.519658980837765e-05	0.9999962097359666
2.5404848965022173e-05	0.9999961496921358
2.5614829460810504e-05	0.9999960887014346
2.5826545523248817e-05	0.9999960267489725
2.60400114974389e-05	0.9999959638196254
2.6255241847050228e-05	0.9999958998980321
2.6472251155299872e-05	0.9999958349685906
2.6691054125940437e-05	0.9999957690154544
2.6911665584256655e-05	0.9999957020225285
2.7134100478069734e-05	0.9999956339734658
2.7358373878750057e-05	0.9999955648516627
2.758450098223847e-05	0.9999954946402558
2.7812497110076014e-05	0.9999954233221172
2.8042377710441954e-05	0.9999953508798505
2.8274158359200306e-05	0.9999952772957867
2.8507854760955612e-05	0.9999952025519804
2.874348275011656e-05	0.9999951266302045
2.8981058291969324e-05	0.9999950495119466
2.9220597483758864e-05	0.9999949711784042
2.946211655578001e-05	0.9999948916104804
2.9705631872476987e-05	0.9999948107887788
2.9951159933552057e-05	0.9999947286935997
3.0198717375083864e-05	0.9999946453049344
3.0448320970654176e-05	0.9999945606024612
3.0699987632484874e-05	0.9999944745655398
3.095373441258338e-05	0.9999943871732068
3.1209578503898464e-05	0.9999942984041706
3.1467537241484985e-05	0.9999942082368063
3.1727628103678284e-05	0.9999941166491502
3.1989868713278865e-05	0.9999940236188947
3.2254276838745965e-05	0.9999939291233833
3.252087039540197e-05	0.9999938331396042
3.2789667446645805e-05	0.9999937356441861
3.306068620517727e-05	0.9999936366133915
3.333394503423087e-05	0.9999935360231111
3.360946244881994e-05	0.9999934338488589
3.388725711699126e-05	0.9999933300657651
3.4167347861090065e-05	0.9999932246485709
3.444975365903525e-05	0.9999931175716225
3.4734493645605055e-05	0.9999930088088641
3.502158711373395e-05	0.9999928983338328
3.5311053515819666e-05	0.9999927861196514
3.560291246504108e-05	0.999992672139022
3.5897183736687254e-05	0.99999255636422
3.6193887269497495e-05	0.999992438767087
3.649304316701217e-05	0.9999923193190241
3.679467169893467e-05	0.9999921979909849
3.709879330250526e-05	0.999992074753469
3.74054285838853e-05	0.9999919495765145
3.7714598319554e-05	0.9999918224296908
3.8026323457715586e-05	0.9999916932820916
3.8340625119719174e-05	0.9999915621023272
3.865752460148967e-05	0.9999914288585173
3.8977043374970455e-05	0.999991293518283
3.9299203089578796e-05	0.999991156048739
3.962402557367211e-05	0.9999910164164862
3.9951532836027603e-05	0.9999908745876034
4.028174706733286e-05	0.9999907305276389
4.061469064168995e-05	0.9999905842016025
4.095038611813123e-05	0.9999904355739575
4.128885624214754e-05	0.9999902846086114
4.163012394722998e-05	0.9999901312689079
4.197421235642314e-05	0.9999899755176178
4.232114478389245e-05	0.9999898173169302
4.267094473650326e-05	0.9999896566284432
4.302363591541409e-05	0.9999894934131552
4.337924221768236e-05	0.9999893276314551
4.373778773788324e-05	0.999989159243113
4.409929676974288e-05	0.9999889882072708
4.4463793807783704e-05	0.9999888144824318
4.4831303548984815e-05	0.9999886380264513
4.520185089445464e-05	0.9999884587965264
4.557546095111876e-05	0.9999882767491859
4.5952159033420835e-05	0.9999880918402795
4.633197066503758e-05	0.9999879040249674
4.6714921580608356e-05	0.9999877132577099
4.710103772747906e-05	0.9999875194922561
4.7490345267460036e-05	0.9999873226816329
4.7882870578598374e-05	0.9999871227781343
4.827864025696581e-05	0.9999869197333091
4.8677681118460476e-05	0.99998671349795
4.908002020062363e-05	0.9999865040220817
4.9485684764471856e-05	0.9999862912549485
4.989470229634433e-05	0.9999860751450033
5.030710050976502e-05	0.9999858556398937
5.0722907347320135e-05	0.9999856326864511
5.114215098255214e-05	0.9999854062306768
5.156485982186784e-05	0.9999851762177296
5.199106250646397e-05	0.999984942591913
5.2420787914266935e-05	0.999984705296661
5.285406516189021e-05	0.9999844642745257
5.3290923606606926e-05	0.999984219467163
5.373139284833859e-05	0.9999839708153183
5.4175502731661485e-05	0.9999837182588134
5.462328334782794e-05	0.9999834617365312
5.507476503680611e-05	0.9999832011864015
5.5529978389334756e-05	0.9999829365453863
5.5988954248996776e-05	0.9999826677494645
5.645172371430875e-05	0.999982394733617
5.691831814082763e-05	0.9999821174318108
5.7388769143276196e-05	0.9999818357769833
5.786310859768412e-05	0.9999815497010268
5.834136864354876e-05	0.9999812591347716
5.8823581686011874e-05	0.9999809640079704
5.930978039805607e-05	0.9999806642492802
5.9799997722718294e-05	0.999980359786247
6.0294266875321635e-05	0.9999800505452868
6.0792621345726176e-05	0.9999797364516698
6.129509490059831e-05	0.9999794174295011
6.180172158569853e-05	0.9999790934017037
6.231253572818768e-05	0.9999787642899994
6.282757193895376e-05	0.999978430014891
6.334686511495659e-05	0.9999780904956423
6.387045044159202e-05	0.9999777456502602
6.439836339507628e-05	0.9999773953954738
6.493063974484989e-05	0.9999770396467157
6.546731555600109e-05	0.9999766783181013
6.600842719170906e-05	0.9999763113224088
6.655401131570862e-05	0.9999759385710579
6.710410489477349e-05	0.9999755599740894
6.765874520122196e-05	0.999975175440143
6.82179698154413e-05	0.9999747848764365
6.87818166284351e-05	0.9999743881887433
6.935032384439006e-05	0.9999739852813698
6.992352998326425e-05	0.9999735760571331
7.050147388339809e-05	0.9999731604173376
7.108419470414467e-05	0.9999727382617518
7.16717319285242e-05	0.9999723094885844
7.226412536589819e-05	0.99997187399446
7.286141515466763e-05	0.9999714316743948
7.346364176499234e-05	0.9999709824217716
7.407084600153256e-05	0.9999705261283145
7.468306900621474e-05	0.9999700626840631
7.530035226101804e-05	0.9999695919773464
7.592273759078616e-05	0.9999691138947567
7.655026716606002e-05	0.9999686283211223
7.718298350593614e-05	0.9999681351394802
7.782092948094718e-05	0.9999676342310486
7.846414831596613e-05	0.9999671254751988
7.911268359313625e-05	0.9999666087494261
7.976657925482272e-05	0.9999660839293213
8.04258796065913e-05	0.9999655508885411
8.109062932020905e-05	0.999965009498778
8.176087343667221e-05	0.99996445962973
8.243665736925755e-05	0.99996390114907
8.311802690659911e-05	0.9999633339224138
8.380502821579095e-05	0.9999627578132891
8.449770784551561e-05	0.9999621726831026
8.519611272919778e-05	0.9999615783911076
8.590029018818372e-05	0.9999609747943702
8.661028793494876e-05	0.9999603617477361
8.73261540763295e-05	0.9999597391037957
8.804793711678301e-05	0.9999591067128496
8.877568596167371e-05	0.9999584644228732
8.95094499205873e-05	0.9999578120794803
9.024927871067156e-05	0.9999571495258872
9.099522246000433e-05	0.9999564766028753
9.174733171099136e-05	0.9999557931487537
9.250565742378935e-05	0.9999550989993206
9.327025097976036e-05	0.9999543939878246
9.404116418495172e-05	0.9999536779449261
9.481844927360745e-05	0.9999529506986559
9.560215891170707e-05	0.9999522120743758
9.639234620053328e-05	0.9999514618947369
9.718906468027137e-05	0.9999506999796376
9.799236833363537e-05	0.9999499261461813
9.880231158952718e-05	0.9999491402086332
9.961894932672298e-05	0.9999483419783765
0.00010044233687759312	0.9999475312638676
0.00010127253003185006	0.9999467078705916
0.00010210958504032904	0.9999458716010157
0.0001029535586187993	0.999945022254543
0.00010380450795180686	0.9999441596274652
0.00010466249069654948	0.9999432835129144
0.00010552756498678278	0.9999423937008147
0.00010639978943675946	0.999941489977832
0.00010727922314520082	0.999940572127325
0.00010816592569930096	0.9999396399292925
0.00010905995717876426	0.9999386931603229
0.0001099613781598761	0.9999377315935413
0.00011087024971960722	0.9999367549985556
0.00011178663343975252	0.9999357631414028
0.0001127105914111029	0.9999347557844938
0.0001136421862376528	0.9999337326865572
0.0001145814810408419	0.9999326936025831
0.00011552853946383196	0.9999316382837649
0.00011648342567581906	0.999930566477441
0.00011744620437638136	0.9999294779270358
0.00011841694079986341	0.9999283723719985
0.00011939570071979542	0.9999272495477426
0.00012038255045335033	0.9999261091855834
0.00012137755686583711	0.9999249510126751
0.0001223807873752313	0.9999237747519464
0.000123392309956743	0.9999225801220354
0.00012441219314742266	0.9999213668372239
0.00012544050605080463	0.9999201346073701
0.00012647731834159012	0.9999188831378403
0.0001275227002703671	0.9999176121294399
0.00012857672266837082	0.9999163212783435
0.000129639456952283	0.9999150102760229
0.00013071097512907067	0.9999136788091756
0.0001317913498008652	0.9999123265596503
0.00013288065416988142	0.9999109532043734
0.0001339789620433775	0.9999095584152723
0.0001350863478386564	0.999908141859199
0.0001362028865881072	0.999906703197852
0.0001373286539442897	0.9999052420876967
0.00013846372618506018	0.9999037581798856
0.00013960818021873953	0.9999022511201757
0.00014076209358932464	0.9999007205488462
0.0001419255444817421	0.9998991661006138
0.0001430986117271459	0.9998975874045478
0.00014428137480825906	0.9998959840839828
0.00014547391386475844	0.9998943557564306
0.00014667630969870512	0.9998927020334908
0.00014788864378001922	0.9998910225207598
0.00014911099825199987	0.9998893168177391
0.00015034345593689118	0.9998875845177407
0.00015158610034149365	0.9998858252077931
0.00015283901566282238	0.9998840384685439
0.00015410228679381248	0.9998822238741623
0.00015537599932907015	0.9998803809922393
0.0001566602395706729	0.9998785093836872
0.00015795509453401694	0.999876608602636
0.00015926065195371296	0.999874678196331
0.00016057700028953076	0.9998727177050252
0.0001619042287323929	0.9998707266618734
0.0001632424272104179	0.9998687045928224
0.00016459168639501386	0.9998666510165012
0.00016595209770702137	0.999864565444108
0.00016732375332290821	0.9998624473792963
0.0001687067461810149	0.9998602963180598
0.00017010116998785173	0.999858111748614
0.00017150711922444813	0.999855893151278
0.00017292468915275426	0.999853639998352
0.00017435397582209533	0.9998513517539958
0.00017579507607568047	0.999849027874103
0.0001772480875571633	0.9998466678061749
0.00017871310871725858	0.9998442709891917
0.00018019023882041274	0.9998418368534815
0.0001816795779515297	0.9998393648205883
0.00018318122702275214	0.9998368543031373
0.00018469528778029912	0.999834304704698
0.0001862218628113596	0.9998317154196459
0.00018776105555104442	0.9998290858330212
0.00018931297028939323	0.9998264153203864
0.00019087771217844187	0.9998237032476808
0.00019245538723934659	0.9998209489710731
0.00019404610236956792	0.9998181518368124
0.00019564996535011346	0.9998153111810758
0.00019726708485284068	0.9998124263298145
0.00019889757044782075	0.9998094965985974
0.00020054153261076158	0.9998065212924521
0.00020219908273049392	0.9998034997057037
0.0002038703331165185	0.9998004311218114
0.00020555539700661577	0.9997973148132016
0.00020725438857451835	0.9997941500411002
0.00020896742293764712	0.9997909360553604
0.00021069461616491094	0.9997876720942896
0.00021243608528457181	0.9997843573844725
0.00021419194829217314	0.9997809911405918
0.0002159623241585354	0.9997775725652472
0.00021774733283781705	0.9997741008487696
0.00021954709527564212	0.9997705751690346
0.00022136173341729507	0.9997669946912717
0.00022319137021598336	0.9997633585678719
0.00022503612964116802	0.9997596659381905
0.0002268961366869644	0.9997559159283494
0.0002287715173806098	0.9997521076510341
0.00023066239879100363	0.999748240205289
0.00023256890903731686	0.9997443126763091
0.0002344911772976729	0.9997403241352295
0.00023642933381790027	0.9997362736389093
0.0002383835099203575	0.9997321602297151
0.0002403538380128309	0.9997279829353
0.00024234045159750694	0.9997237407683781
0.0002443434852800164	0.9997194327264982
0.00024636307477855595	0.9997150577918116
0.0002483993569330831	0.9997106149308376
0.00025045246971458864	0.9997061030942256
0.0002525225522344447	0.999701521216513
0.00025460974475383037	0.9996968682158799
0.0002567141886932352	0.9996921429938997
0.00025883602664204233	0.9996873444352867
0.00026097540236818823	0.9996824714076389
0.0002631324608279049	0.9996775227611772
0.0002653073481755413	0.9996724973284817
0.00026750021177346633	0.9996673939242225
0.0002697112002020535	0.9996622113448879
0.0002719404632697482	0.9996569483685063
0.00027418815202321793	0.9996516037543673
0.00027645441875758756	0.9996461762427356
0.00027873941702675695	0.9996406645545612
0.0002810433016538062	0.9996350673911875
0.00028336622874148534	0.9996293834340512
0.0002857083556827918	0.999623611344381
0.00028806984117163426	0.9996177497628905
0.00029045084521358547	0.999611797309466
0.0002928515291367233	0.9996057525828502
0.0002952720556025629	0.9995996141603215
0.0002977125886170761	0.9995933805973675
0.0003001732935418054	0.9995870504273546
0.00030265433710506757	0.9995806221611923
0.00030515588741325094	0.9995740942869915
0.0003076781139622053	0.99956746526972
0.00031022118764872654	0.99956073355085
0.00031278528078213566	0.9995538975480025
0.0003153705670959549	0.9995469556545855
0.0003179772217596777	0.9995399062394269
0.00032060542139063843	0.9995327476464014
0.0003232553440659794	0.9995254781940532
0.00032592716933471644	0.9995180961752114
0.0003286210782299045	0.9995105998566005
0.00033133725328090364	0.9995029874784457
0.0003340758785257477	0.9994952572540706
0.000336837139523612	0.9994874073694906
0.0003396212233673878	0.9994794359829994
0.00034242831869635835	0.9994713412247491
0.0003452586157089804	0.999463121196325
0.0003481123061757717	0.9994547739703126
0.0003509895834523042	0.99944629758986
0.0003538906424923052	0.9994376900682321
0.0003568156798608677	0.9994289493883588
0.00035976489374776714	0.9994200735023768
0.00036273848398089126	0.9994110603311644
0.00036573665203977934	0.9994019077638686
0.00036875960106927386	0.9993926136574266
0.0003718075358932846	0.9993831758360789
0.0003748806630286669	0.9993735920908758
0.0003779791906992143	0.9993638601791767
0.00038	0.9993574759228385
0.0003811033288497681	0.9993539778188442
0.0003842532891604406	0.9993439427089161
0.00038742928506095884	0.9993337524973009
0.00039063153174512597	0.999323404801433
0.00039386024618540155	0.9993128972024372
0.000397115647147603	0.9993022272445814
0.00040039795520572824	0.999291392434721
0.00040370739275690084	0.9992803902417354
0.0004070441840364401	0.9992692180959564
0.00041040855513305223	0.9992578733885872
0.0004138007340041509	0.9992463534711139
0.00041722095049130214	0.9992346556547076
0.0004206694363357979	0.9992227772096178
0.0004241464251943578	0.9992107153645574
0.0004276521526549607	0.9991984673060774
0.00043118685625280733	0.9991860301779337
0.000434750775486416	0.9991734010804435
0.0004383441518338478	0.9991605770698333
0.00044196722876907	0.9991475551575759
0.0004456202517784525	0.9991343323097192
0.00044930346837740096	0.9991209054462034
0.0004530171281271278	0.9991072714401699
0.0004567614826515612	0.9990934271172589
0.00046053678565439413	0.9990793692548968
0.00046434329293627586	0.9990650945815737
0.00046818126241214157	0.9990505997761093
0.0004720509541286895	0.9990358814669095
0.0004759526302820001	0.99902093623121
0.00047988655523530186	0.9990057605943117
0.0004838529955368832	0.9989903510288012
0.000487852219938153	0.9989747039537638
0.0004918844994118498	0.9989588157339818
0.0004959501071704036	0.9989426826791231
0.0005000493186844452	0.9989263010429168
0.0005041824117014723	0.9989096670223171
0.0005083496662646694	0.9988927767566554
0.0005125513647318809	0.9988756263267797
0.0005167877917947441	0.9988582117541807
0.000521059234497978	0.9988405290001068
0.0005253659822588322	0.9988225739646646
0.0005297083268866985	0.9988043424859074
0.0005340865626028803	0.99878583033891
0.0005385009860605294	0.9987670332348298
0.0005429518963647458	0.9987479468199549
0.0005474395950928446	0.9987285666747376
0.0005519643863147886	0.9987088883128149
0.0005565265766137912	0.9986889071800137
0.0005611264751070917	0.998668618653342
0.000565764393466896	0.9986480180399662
0.000570440645941497	0.9986271005761725
0.0005751555493765662	0.9986058614263139
0.000579909423236622	0.9985842956817417
0.0005847025896266758	0.998562398359722
0.000589535373314056	0.9985401644023365
0.0005944081017504128	0.9985175886753663
0.0005993211050939077	0.9984946659671619
0.0006042747162315799	0.9984713909874946
0.0006092692708019041	0.9984477583663931
0.0006143051072175311	0.9984237626529622
0.0006193825666882181	0.9983993983141854
0.0006245019932439473	0.99837465973371
0.0006296637337582364	0.9983495412106144
0.0006348681379716404	0.9983240369581583
0.0006401155585154518	0.9982981411025152
0.0006454063509355896	0.998271847681486
0.0006507408737166919	0.9982451506431949
0.0006561194883064059	0.998218043844766
0.0006615425591398769	0.9981905210509825
0.0006670104536644423	0.9981625759329247
0.0006725235423645277	0.9981342020665905
0.0006780821987867494	0.9981053929314952
0.0006836867995652269	0.9980761419092521
0.0006893377244470983	0.9980464422821319
0.0006950353563182531	0.9980162872316035
0.0007007800812292748	0.9979856698368522
0.0007065722884215984	0.9979545830732784
0.0007124123703538829	0.9979230198109741
0.0007183007227286045	0.9978909728131787
0.0007242377445188657	0.9978584347347127
0.0007302238379954322	0.9978253981203891
0.0007362594087539842	0.9977918554034028
0.0007423448657426018	0.9977577989036974
0.000748480621289472	0.9977232208263094
0.0007546670911308275	0.9976881132596878
0.000760904694439115	0.9976524681739923
0.0007671938538513971	0.9976162774193662
0.0007735349954979874	0.9975795327241852
0.0007799285490313268	0.9975422256932831
0.000786374947655091	0.9975043478061515
0.0007928746281535447	0.9974658904151146
0.0007994280309211373	0.9974268447434798
0.0008060355999923414	0.997387201883661
0.0008126977830717388	0.9973469527952775
0.0008194150315643558	0.9973060883032255
0.0008261878006062481	0.9972645990957234
0.0008330165490953419	0.9972224757223306
0.0008399017397225223	0.9971797085919377
0.000846843839002987	0.9971362879707313
0.0008538433173078549	0.9970922039801281
0.0008609006488960366	0.9970474465946836
0.0008680163119463683	0.9970020056399695
0.0008751907885900114	0.9969558707904247
0.0008824245649431198	0.9969090315671745
0.0008897181311397797	0.9968614773358221
0.0008970719813652148	0.9968131973042091
0.0009044866138892741	0.9967641805201461
0.0009119625311001911	0.9967144158691125
0.0009195002395386246	0.9966638920719242
0.0009271002499319797	0.996612597682372
0.0009347630772290129	0.9965605210848264
0.0009424892406347223	0.9965076504918106
0.0009502792636455303	0.9964539739415417
0.0009581336740847485	0.9963994792954379
0.0009660530041383453	0.9963441542355939
0.0009740377903910029	0.9962879862622204
0.000982088573862475	0.9962309626910522
0.0009902059000442445	0.99617307065072
0.000998390318936482	0.9961142970800881
0.001	0.9961026901393979
0.0010066423850853172	0.9960546286970065
0.0010149626576204053	0.9959940521097794
0.001023351700292817	0.995932553643094
0.0010318100815132347	0.9958701194494162
0.0010403383743904655	0.9958067354775987
0.0010489371567702734	0.9957423874700015
0.0010576070112745316	0.9956770609595756
0.0010663485253406986	0.995610741266908
0.001075162291261624	0.9955434134972291
0.0010840489062256744	0.9954750625373812
0.0010930089723572007	0.9954056730527481
0.0011020430967573348	0.995335229484145
0.001111151891545125	0.9952637160446685
0.0011203359738990093	0.9951911167165066
0.0011295959660986355	0.995117415247708
0.0011389324955670217	0.9950425951489101
0.0011483461949130735	0.9949666396900264
0.0011578377019744403	0.9948895318968903
0.0011674076598607367	0.9948112545478592
0.0011770567169971176	0.9947317901703734
0.0011867855271682113	0.9946511210374741
0.0011965947495624193	0.9945692291642765
0.001206485048816579	0.9944860963044002
0.0012164570950609968	0.9944017039463546
0.0012265115639648583	0.9943160333098805
0.0012366491367820013	0.9942290653422456
0.0012468705003970807	0.9941407807144965
0.0012571763473721077	0.9940511598176629
0.0012675673759933754	0.9939601827589175
0.0012780442903187717	0.9938678293576884
0.0012886078002254842	0.9937740791417248
0.0012992586214580974	0.9936789113431161
0.001309997475677094	0.9935823048942629
0.0013208250905077444	0.9934842384238004
0.0013317421995894126	0.9933846902524728
0.001342749542625264	0.9932836383889607
0.001353847865432385	0.993181060525658
0.001365037919992317	0.9930769340344
0.0013763204645020075	0.9929712359621423
0.0013876962634251813	0.9928639430265899
0.0013991660875441432	0.9927550316117744
0.0014107307140119962	0.9926444777635834
0.0014223909264053027	0.9925322571852369
0.001434147514777176	0.9924183452327128
0.0014460012757108109	0.9923027169101225
0.0014579530123734583	0.992185346865033
0.001470003534570844	0.992066209383738
0.001482153658802037	0.9919452783864768
0.0014944042083147775	0.9918225274226005
0.0015067560131612502	0.9916979296656854
0.0015192099102543295	0.9915714579085942
0.0015317667434242854	0.9914430845584836
0.001544427363475958	0.9913127816317583
0.0015571926282464043	0.9911805207489723
0.0015700634026630232	0.9910462731296762
0.0015830405588021575	0.9909100095872109
0.0015961249759481888	0.9907717005234469
0.0016093175406531057	0.9906313159234708
0.0016226191467965793	0.990488825350216
0.0016360306956465273	0.9903441979390408
0.0016495530959201809	0.9901974023922517
0.0016631872638456563	0.990048406973572
0.0016769341232240331	0.9898971795025565
0.0016907946054919546	0.9897436873489522
0.0017047696497847274	0.9895878974270048
0.0017188602029999625	0.98942977618971
0.0017330672198617298	0.9892692896230116
0.001747391662985248	0.9891064032399461
0.0017618345029421071	0.9889410820747317
0.0017763967183260317	0.9887732906768054
0.0017910792958191841	0.9886029931048052
0.0018058832302590264	0.9884301529204997
0.0018208095247057151	0.9882547331826651
0.0018358591905100732	0.9880766964409075
0.0018510332473821128	0.9878960047294351
0.0018663327234601274	0.9877126195607766
0.001881758655380355	0.9875265019194486
0.0018973120883472162	0.9873376122555714
0.0019129940762041314	0.9871459104784338
0.001928805681504934	0.9869513559500078
0.001944747975585853	0.9867539074784137
0.0019608220386381093	0.9865535233113351
0.0019770289597811066	0.9863501611293856
0.0019933698371362224	0.9861437780394285
0.0020098457779012162	0.9859343305678478
0.0020264578984252463	0.9857217746537738
0.002043207324284509	0.9855060656422618
0.0020600951903585116	0.9852871582774283
0.002077122640906955	0.9850650066955403
0.0020942908296472723	0.9848395644180646
0.0021116009198327997	0.9846107843446733
0.002129054084331593	0.9843786187462095
0.002146651505705898	0.9841430192576129
0.0021643943762922747	0.9839039368708081
0.002182283898282386	0.9836613219275542
0.0022003212838044603	0.9834151241122601
0.0022185077550054087	0.9831652924447648
0.002236844544133642	0.9829117752730858
0.002255332893622562	0.9826545202661345
0.002273974056174741	0.9823934744064046
0.0022927692948468046	0.9821285839826301
0.002311719883135008	0.9818597945824195
0.0023308271050615247	0.9815870510848643
0.002350092255261453	0.9813102976531265
0.0023695166390705234	0.9810294777270051
0.002389101572613553	0.9807445340154858
0.002408848382893619	0.9804554084892738
0.002428758407881969	0.9801620423733148
0.002448832996608682	0.9798643761393037
0.002469073509254068	0.9795623494981859
0.002489481317240831	0.9792559013926534
0.002510057803326998	0.9789449699896368
0.002530804361699597	0.9786294926727986
0.0025517223980691325	0.9783094060350291
0.002572813329764826	0.9779846458709478
0.0025940785858306497	0.9776551471694159
0.002615519607122156	0.9773208441060596
0.002637137846404102	0.976981670035811
0.002658934768448881	0.9766375574854691
0.0026809118501357814	0.9762884381462826
0.0027030705805510384	0.9759342428665628
0.0027254124610887405	0.9755749016443258
0.002747939005552554	0.975210343619972
0.002770651740258295	0.9748404970690053
0.0027935522041373432	0.9744652893947962
0.0028166419488409164	0.9740846471213949
0.0028399225388452127	0.9736984958863983
0.0028633955515573978	0.9733067604338761
0.002887062577422494	0.9729093646073601
0.0029109252200311434	0.9725062313429041
0.0029349850962282578	0.9720972826622188
0.0029592438362225724	0.9716824396658857
0.0029837030836971008	0.9712616225266595
0.003008364495920505	0.9708347504828614
0.003033229743859395	0.9704017418318721
0.0030583005122915294	0.9699625139237297
0.0030835784999199848	0.9695169831548391
0.0031090654194882465	0.9690650649618009
0.003134762997896261	0.9686066738153644
0.003160672976317442	0.9681417232145157
0.0031867971103166485	0.9676701256807051
0.003213137169969129	0.967191792752222
0.0032396949399804715	0.9667066349787281
0.0032664722198075067	0.9662145619159527
0.003293470823780247	0.9657154821205625
0.003320692581224814	0.9652093031452118
0.003348139336587389	0.9646959315337841
0.003375812949559185	0.9641752728168318
0.003403715295202451	0.9636472315072264
0.0034318482640775185	0.9631117110960271
0.0034602137623709114	0.962568614048577
0.0034888137120244805	0.9620178418008397
0.003517650050865643	0.9614592947559848
0.003546724732738678	0.9608928722812332
0.0035760397276371125	0.9603184727049746
0.0036055970218371986	0.959735993314167
0.0036353986180325	0.9591453303520311
0.0036654465354695807	0.9585463790160509
0.0036957428100848374	0.9579390334562932
0.0037262894946424245	0.9573231867740581
0.0037570886588733582	0.9566987310208743
0.0037881423896157468	0.9560655571978508
0.003819452790956191	0.9554235552554009
0.0038510219843723467	0.9547726140933498
0.0038828521088766694	0.9541126215614426
0.003914945321161341	0.9534434644602647
0.0039473037957444175	0.9527650285425915
0.003979929725117139	0.9520771985151815
0.004012825319892504	0.9513798580410294
0.004045992808955045	0.950672889742093
0.004079434439611855	0.9499561752025131
0.00411315247774485	0.9492295949723405
0.0041471492079643004	0.9484930285717891
0.0041814269337636266	0.9477463544960297
0.004215987977675485	0.946989450220546
0.004250834681429115	0.9462221922070674
0.004285969406109019	0.945444455910098
0.0043213945323149405	0.9446561157840628
0.0043571124603231605	0.9438570452910865
0.0043931256102491345	0.9430471169094268
0.004429436422211468	0.9422262021425817
0.004466047356497249	0.9413941715290913
0.004502960893728764	0.940550894653053
0.004540179535031546	0.939696240155373
0.0045777058022038655	0.9388300757457755
0.004615542237887588	0.937952268215588
0.004653691405740461	0.9370626834513296
0.004692155890609809	0.9361611864491209
0.004730938298707675	0.9352476413299393
0.004770041257787427	0.9343219113557433
0.0048094674173217705	0.9333838589464885
0.004849219448682294	0.9324333456980591
0.004889300045320461	0.9314702324011395
0.004929711922950109	0.9304943790610487
0.004970457819731459	0.9295056449185641
0.0050115404964566415	0.928503888471758
0.005052962736736749	0.9274889674988736
0.005094727347190472	0.9264607390822632
0.005136837157634227	0.9254190596334186
0.005179295021273916	0.9243637849191144
0.00522210381489825	0.9232947700886951
0.005265266439073661	0.9222118697025292
0.005308785818340841	0.9211149377616586
0.005352664901412892	0.9200038277386692
0.005396906661375122	0.9188783926098099
0.005441514095886503	0.9177384848883867
0.005486490227382757	0.9165839566594607
0.005531838103281161	0.9154146596158741
0.005577560796187027	0.9142304450956346
0.005623661404101889	0.913031164120684
0.005670143050633412	0.9118166674370789
0.005717008885207035	0.9105868055566102
0.0057642620832793635	0.9093414287998901
0.005811905846553343	0.908080387340932
0.005859943403195167	0.9068035312532525
0.0059083780080530215	0.905510710557521
0.005957212942877623	0.904201775270784
0.006006451516544572	0.9028765754572913
0.006056097065278553	0.9015349612809501
0.006106152952879386	0.9001767830594329
0.006156622570949936	0.8988018913199658
0.0062075093391259425	0.8974101368568197
0.006258816705307683	0.8960013707905351
0.006310548145893616	0.8945754446288979
0.006362707166015921	0.8931322103296951
0.006415297299777996	0.8916715203652718
0.006468322110493913	0.8901932277889117
0.0065217851909298566	0.888697186303065
0.006575690163547548	0.8871832503294428
0.006630040680749719	0.8856512750809981
0.006684840425127544	0.8841011166358163
0.0067400931097101845	0.8825326320129296
0.006795802478216365	0.8809456792500746
0.0068519723053080345	0.8793401174834095
0.006908606396846121	0.8777158070292062
0.006965708590148404	0.8760726094675307
0.007023282754249512	0.8744103877279257
0.007081332790163098	0.8727290061771028
0.00713986263114612	0.8710283307086616
0.007198876242965368	0.869308228834835
0.007258377624166168	0.8675685697802742
0.007318370806343302	0.8658092245778737
0.007378859854414181	0.8640300661666422
0.007439848866894262	0.8622309694916197
0.007501341976174748	0.8604118116058384
0.007563343348802606	0.8585724717743249
0.00762585718576284	0.8567128315801423
0.007688887722763157	0.8548327750324569
0.00775243923052096	0.8529321886766272
0.007816516015052713	0.8510109617062976
0.00788112241796571	0.8490689860774847
0.007946262816752217	0.8471061566246368
0.008011941625086135	0.8451223711786457
0.008078163293121983	0.8431175306867904
0.008144932307796468	0.8410915393345806
0.008212253193132492	0.839044304669476
0.008280130510545686	0.8369757377264446
0.00834856885915347	0.834885753155326
0.008417572876086672	0.8327742693499578
0.008487147236803723	0.8306412085790245
0.008557296655407474	0.8284864971185782
0.008628025884964557	0.8263100653861866
0.008699339717827471	0.8241118480766447
0.00877124298595929	0.8218917842992004
0.008843740561261046	0.8196498177162257
0.008916837355901843	0.8173858966832689
0.00899053832265169	0.8150999743904157
0.009064848455217057	0.8127920090048858
0.009139772788579283	0.8104619638147802
0.009215316399335666	0.8081098073739015
0.009291484406043472	0.8057355136475519
0.00936828196956674	0.8033390621592182
0.009445714293425965	0.8009204381380445
0.009523786624150665	0.7984796326669891
0.009602504251634874	0.7960166428315565
0.009681872509495548	0.7935314718689929
0.009761896775433996	0.791024129317823
0.009842582471600192	0.7884946311676104
0.0099239350649602	0.7859430000088073
0.010005960067666577	0.7833692651825624
0.010088663037431903	0.7807734629303469
0.01017204957790524	0.7781556365432597
0.010256125339051974	0.77551583651085
0.01034089601753646	0.7728541206693209
0.010426367357108189	0.7701705543489346
0.01051254514899078	0.7674652105204733
0.010599435232274546	0.7647381699405702
0.010687043494311968	0.7619895212957484
0.010775375871116735	0.7592193613449771
0.010864438347765895	0.75642779506057
0.010954236958805309	0.7536149357672328
0.011044777788658686	0.7507809052790597
0.011136066972039664	0.7479258340342945
0.01122811069436765	0.7450498612276361
0.011320915192186752	0.7421531349398995
0.01141448675358849	0.7392358122648032
0.011508831718637794	0.7362980594326809
0.011603956479802509	0.7333400519308974
0.011699867482386698	0.7303619746207338
0.011796571224967148	0.7273640218505395
0.011894074259833895	0.7243463975648957
0.01199238319343398	0.7213093154095871
0.012091504686819275	0.7182529988321215
0.012191445456097625	0.7151776811775877
0.012292212272888063	0.712083605779592
0.012393811964779568	0.7089710260460504
0.012496251415793594	0.7058402055395949
0.01259953756685069	0.7026914180523409
0.012703677416240582	0.6995249476747987
0.01280867802009656	0.6963410888586643
0.012914546492873366	0.693140146473274
0.013021290007829428	0.6899224358554631
0.013128915797512814	0.6866882828526097
0.013237431154251205	0.6834380238586237
0.013346843430646179	0.680172005842641
0.013457160040071185	0.6768905863702139
0.013568388457174061	0.6735941336167501
0.013680536218383273	0.6702830263730055
0.01379361092241874	0.6669576540423909
0.013907620230806625	0.6636184166299016
0.014022571868398356	0.6602657247224628
0.014138473623894237	0.6568999994604805
0.014255333350370955	0.6535216725004334
0.014373158965813902	0.6501311859682966
0.014491958453653435	0.6467289924036517
0.014611739863306047	0.6433155546942936
0.01473251131071952	0.639891346001205
0.01485428097892304	0.6364568496737326
0.014977057118581574	0.6330125591548508
0.015100848048554787	0.6295589778763866
0.01522566215646094	0.6260966191440872
0.01535150789924494	0.6226260060124582
0.0154783938037516	0.6191476711492636
0.015606328467303147	0.6156621566896474
0.015735320558281956	0.6121700140797984
0.015865378816717797	0.6086718039101413
0.01599651205487993	0.6051680957380245
0.016128729157874416	0.6016594678998906
0.016262039084245884	0.5981465073129605
0.016396450866584783	0.5946298092664377
0.016531973612139143	0.5911099772022992
0.016668616503431904	0.5875876224857166
0.016806388798882837	0.5840633641652107
0.016945299833436074	0.5805378287226194
0.017085359019192538	0.5770116498130149
0.01722657584604753	0.5734854679947039
0.017368959882334015	0.5699599304494558
0.017512520775470625	0.5664356906931611
0.017657268252615627	0.5629134082770875
0.017803212121325716	0.5593937484799741
0.017950362270220788	0.5558773819911763
0.01809872866965385	0.5523649845851308
0.018248321372386463	0.5488572367874087
0.018399150514270133	0.545354823532635
0.018551226314932792	0.5418584338146069
0.01870455907847153	0.5383687603289102
0.018859159194150477	0.5348864991084044
0.019015037137105034	0.5314123491519094
0.019172203469051317	0.5279470120465005
0.019330668839002065	0.5244911915837724
0.01949044398398806	0.5210455933705047
0.0196515397297855	0.5176109244341385
0.019813966991649792	0.5141878928234903
0.019977736775054822	0.5107772072051697
0.02	0.5103166991092709
0.020142860176438963	0.5073795788218108
0.020309348383956594	0.5039957116185307
0.02047721267823646	0.5006263160232671
0.020646464433145897	0.49727209906789305
0.020817115116561338	0.4939337663357958
0.020989176291145634	0.4906120215423213
0.02116265961513116	0.4873075661142843
0.021337576843110086	0.484021098769018
0.02151393982683046	0.48075331509349006
0.0216917605159996	0.4775049071239593
0.021871050959093415	0.47427656292669484
0.022051823304173056	0.47106896618022853
0.022234089799707916	0.46788279575964753
0.022417862795405384	0.4647187253234011
0.022603154743047943	0.4615774229030857
0.022789978197336493	0.4584595504966924
0.022978345816741384	0.45536576366574166
0.023168270364359717	0.4522967111367695
0.023359764708780466	0.4492530344075635
0.02355284182495628	0.4462353673585745
0.023747514795082435	0.443244335869887
0.02394379680948361	0.44028055744410877
0.024141701167507204	0.4373446408355498
0.024341241278424866	0.4344371856859942
0.024542430662340627	0.4315587821673955
0.024745282951107353	0.42871001063175196
0.024949811889250228	0.4258914412684369
0.025156031334897876	0.4231036337692078
0.025363955260721698	0.42034713700108883
0.0255735977548822	0.4176224886873219
0.025784973021983962	0.41493021509651207
0.025998095384037686	0.4122708307401093
0.026212979281431004	0.40964483807829466
0.0264296392739065	0.40705272723435704
0.02664809004154858	0.40449497571757065
0.026868346385778005	0.4019720481545964
0.027090423230354592	0.399484396029377
0.02731433562238879	0.3970324574314683
0.02754009873336077	0.3946166568127457
0.027767727860148837	0.39223740475236235
0.027997238426065437	0.3898950977298501
0.028228645981902594	0.3875901179061939
0.028461966206985382	0.3853228329127204
0.028697214910234144	0.3830935956475999
0.028934408031236033	0.38090274407974645
0.02917356164132458	0.37875060105989855
0.029414691944669072	0.37663747413862547
0.029657815279372026	0.3745636553910192
0.029902948118576682	0.3725294212477962
0.030150107071582662	0.37053503233255725
0.0303993088849718	0.3685807333049189
0.03065057044374263	0.36666675270926175
0.030903908772454282	0.36479330282882305
0.031159341036380427	0.36296057954487426
0.03141688454267182	0.36116876220074723
0.03167655674152952	0.359418013470465
0.031938375227386684	0.3577084792317805
0.032202357740101176	0.35604028844342095
0.03246852216615738	0.354413553026387
0.03273688653987789	0.3528283677491745
0.03300746904464595	0.3512848101168189
0.03328028801413692	0.34978294026371914
0.03355536193356106	0.3483228008502174
0.03383270944091547	0.346904416962984
0.034112349328247506	0.34552779601928363
0.03439430054292745	0.34419292767527765
0.03467858218893284	0.3428997837385541
0.034965213528142705	0.3416483180851575
0.03525421398164239	0.3404384665814433
0.03554560313104003	0.3392701470111512
0.03583940071979269	0.33814325900816966
0.036135626654544756	0.33705768399552016
0.03643430100647609	0.336013285131181
0.03673544401266253	0.33500990726142543
0.03703907607744685	0.3340473768824387
0.03734521777382104	0.33312550211104286
0.03765388984482083	0.3322440726654303
0.0379651132049305	0.3314028598568872
0.0382789089415006	0.3306016165935407
0.038595298316176176	0.3298400773972455
0.038914302766337845	0.3291179584347703
0.039235943906554153	0.328434957564512
0.03956024353004582	0.3277907544000087
0.03988722361016294	0.327185010391564
0.040216906301873155	0.32661736892733695
0.04054931394326347	0.3260874554552676
0.040884469057053126	0.32559487762723527
0.04122239435212033	0.3251392254668404
0.04156311272504023	0.3247200715622074
0.041906647261636926	0.3243369712851749
0.04225302123854743	0.32398946303821985
0.04260225812479849	0.3236770685304071
0.04295438158339744	0.3233992930836027
0.04330941547293479	0.3231556259701106
0.04366738384920149	0.322945540782804
0.04402831096681817	0.3227684958387158
0.044392221280879156	0.3226239346169296
0.044759139448609195	0.3225112862314774
0.04512909033103388	0.3224299659397931
0.04550209899466474	0.32237937568710484
0.04587819071319697	0.32235890468696304
0.0462573909692226	0.3223679300379041
0.04663972545595633	0.3224058173760379
0.0470252200789772	0.32247192156312443
0.047413900957983084	0.32256558740946883
0.04780579442856113	0.32268615043072446
0.04820092704397188	0.3228329376374389
0.04859932557694813	0.3230052683559246
0.04900101702150961	0.3232024550787753
0.04940602859479127	0.3234238043430895
0.04981438773888814	0.32366861763420274
0.050226122122713955	0.32393619231247683
0.050641259643876585	0.32422582256044574
0.05105982843056795	0.324536800347379
0.051481856843469634	0.3248684164080985
0.05190737347767514	0.32521996123267405
0.052336407164626654	0.3255907260634282
0.05276898697406929	0.3259800038955122
0.05320514221601999	0.3263870904771624
0.053644902442754286	0.32681128530562853
0.05408829745080777	0.3272518926146628
0.05453535728299577	0.3277082223494038
0.05498611223044867	0.3281795911244465
0.055440592834663883	0.32866532316089536
0.05589882988957611	0.32916475119823263
0.05636085444364288	0.3296772173768975
0.056826697801949176	0.33020207408758606
0.05729639152832767	0.33073868478341173
0.05776996744749815	0.3312864247512509
0.05824745764722352	0.33184468183879967
0.0587288944804836	0.3324128571341126
0.05921431056766803	0.3329903655946689
0.05970373879878561	0.3335766366233034
0.06019721233569374	0.3341711145886782
0.060694764614344344	0.3347732592883065
0.06119642934705042	0.3353825463525213
0.06170224052476922	0.335998467588155
0.06221223241940623	0.33662053126110114
0.06272643958613694	0.33724826231732674
0.06324489686574782	0.337881202542315
0.06376763938699784	0.33851891065932704
0.06429470256899769	0.33916096236726656
0.06482612212361064	0.33980695031933406
0.06536193405787125	0.3404564840440274
0.06590217467642596	0.34110918981041594
0.06644688058399258	0.34176471043994994
0.06699608868784006	0.3424227050673877
0.06754983620029016	0.3430828488537121
0.06810816064123776	0.34374483265416056
0.06867109984069408	0.3444083626447273
0.0692386919413489	0.34507315991067633
0.06981097540115587	0.34573896000076765
0.0703879889959379	0.3464055124510089
0.070969771822014	0.34707258028182597
0.07155636329884933	0.3477399394725912
0.07214780317172502	0.3484073784174442
0.0727441315144322	0.3490746973663176
0.07334538873198616	0.3497417078550048
0.07395161556336528	0.3504082321280164
0.07456285308427003	0.3510741025578318
0.07517914270990726	0.3517391610640065
0.07580052619779584	0.3524032585354018
0.07642704565059558	0.35306625425860505
0.07705874351896098	0.35372801535538656
0.07769566260441634	0.3543884162317925
0.07833784606225702	0.3550473380412351
0.07898533740447229	0.3557046681636691
0.07963818050269464	0.35636029970269445
0.0802964195911718	0.3570141310021483
0.08096009926976357	0.35766606518349464
0.08162926450696467	0.3583160097050606
0.08230396064295055	0.35896387594391466
0.0829842333926506	0.3596095788009488
0.08367012884884442	0.360253036329492
0.0843616934852862	0.3608941693875771
0.08505897415985225	0.3615329013137786
0.08576201811771711	0.3621691576263666
0.08647087299455422	0.36280286574535536
0.08718558681976298	0.36343395473688345
0.0879062080197243	0.36406235507924334
0.08863278542108038	0.36468799844976496
0.08936536825404442	0.36531081753168326
0.09010400615573486	0.3659307458400405
0.09084874917353988	0.3665477175656344
0.09159964776850789	0.36716166743598233
0.092356752818766	0.3677725305922548
0.0931201156229687	0.3683802424811322
0.09388978790377202	0.3689847387605365
0.0946658218113398	0.3695859552182207
0.09544826992687548	0.3701838277022167
0.09623718526618642	0.37077829206219026
0.09703262128327453	0.37136928410078385
0.09783463187395944	0.3719567395340898
0.09864327137952972	0.37254059396043926
0.0994585945904242	0.37312078283675465
0.10028065674994587	0.3736972414617702
0.10110951355800325	0.37426990496548085
0.10194522117488607	0.37483870830424404
0.10278783622506886	0.3754035862610078
0.10363741580104904	0.3759644734502038
0.10449401746721475	0.37652130432688924
0.1053576992637444	0.3770740131997765
0.10622851971054093	0.3776225342478382
0.10710653781119508	0.378166801540214
0.10799181305698502	0.37870674905919555
0.10888440543090552	0.3792423107260944
0.1097843754117337	0.37977342042984075
0.11069178397812618	0.380300012058185
0.11160669261275012	0.3808220195314065
0.11252916330645066	0.3813393768384581
0.11345925856244929	0.3818520180754943
0.11439704140058075	0.3823598774867556
0.11534257536156114	0.38286288950779224
0.11629592451129511	0.38336098881103164
0.11725715344521477	0.3838541103537012
0.11822632729265815	0.3843421894281338
0.11920351172128144	0.3848251617144891
0.12018877294150758	0.3853029633359334
0.12118217771101424	0.3857755309163291
0.12218379333925498	0.3862428016404863
0.12319368769202203	0.38670471331704004
0.12421192919604251	0.3871612044440136
0.12523858684361655	0.38761221427713854
0.12627373019729127	0.38805768290099973
0.12731742939457322	0.38849755130307784
0.12836975515268248	0.38893176145076525
0.12943077877334216	0.38936025637142835
0.1305005721476116	0.38978298023559554
0.1315792077607553	0.3901998784433449
0.1326667586971564	0.3906108977139735
0.13376329864526662	0.39101598617902134
0.1348689019026007	0.3914150934787317
0.13598364338077	0.39180817086202246
0.13710759861055719	0.39219517129004533
0.1382408437470361	0.39257604954340963
0.13938345557472925	0.3929507623331433
0.14053551151281293	0.3933192684154653
0.1416970896203604	0.3936815287104384
0.14286826860163301	0.39403750642457414
0.14404912781141205	0.39438716717745237
0.1452397472603745	0.39473047913242143
0.14644020762051657	0.39506741313143956
0.14765059023061716	0.3953979428341112
0.14887097710175154	0.39572204486097495
0.15010145092284574	0.3960396989410876
0.15134209506628157	0.39635088806395147
0.1525929935935434	0.39665559863581945
0.15385423126091569	0.39695382064041385
0.15512589352522513	0.39724554780408206
0.1564080665496298	0.39753077776541024
0.15770083720945952	0.3978095122493074
0.15900429309809955	0.39808175724556116
0.16031852253292836	0.3983475231918646
0.16164361456129892	0.39860682516129686
0.16297965896657457	0.3988596830542368
0.1643267462742115	0.399106121794675
0.16568496775789132	0.39934617153087826
0.16705441544570776	0.39957986784035193
0.1684351821263996	0.399807251939029
0.16982736135564022	0.4000283708946052
0.17123104746237405	0.4002432778439221
0.1726463355552105	0.40045203221429015
0.1740733215288656	0.4006546999486217
0.17551210207066173	0.40085135373423486
0.17696277466707797	0.40104207323516705
0.178425437610354	0.4012269453278213
0.17990019000515295	0.40140606433975135
0.1813871317752732	0.40157953229136845
0.18288636367042185	0.4017474591403387
0.1843979872730382	0.40190996302841253
0.18592210500517914	0.40206717053041274
0.18745882013545798	0.4022192169050811
0.1890082367860401	0.40236624634746376
0.19057045993970081	0.4025084122424907
0.1921455954469354	0.40264587741938174
0.19373375003313437	0.40277881440648744
0.19533503130581145	0.40290740568614714
0.1969495477618977	0.4030318439491236
0.1985774087950914	0.4031523323481462
0.20021872470326918	0.4032690847500696
0.20187360669596216	0.4033823259861301
0.20354216690188778	0.4034922920997539
0.20522451837655054	0.40359923059134784
0.20692077510989898	0.40370340065947563
0.20863105203405247	0.4038050734377987
0.21035546503108532	0.40390453222713407
0.21209413094088136	0.40400207272195876
0.21384716756904942	0.40409800323066525
0.2156146936949041	0.4041926448888491
0.2173968290795167	0.4042863318648897
0.21919369447382656	0.4043794115570609
0.221005411626826	0.40447224478139177
0.22283210329380607	0.4045652059494761
0.2246738932446773	0.40465868323541687
0.22653090627235425	0.4047530787310719
0.22840326820120999	0.40484880858875805
0.23029110589560436	0.40494630315056
0.23219454726847646	0.40504600706337857
0.23411372129001506	0.40514837937885195
0.23604875799639344	0.4052538936372775
0.237999788498584	0.4053630379346621
0.23996694499123805	0.40547631497203374
0.24195036076164605	0.40559424208615136
0.2439501701987675	0.40571735126076247
0.24596650880233487	0.40584618911756876
0.24799951319203817	0.40598131688608075
0.2500493211167778	0.4061233103515609
0.25211607146400195	0.40627275978028266
0.254199904269113	0.40643026982136077
0.25630096072495934	0.4065964593844441
0.25841938319140073	0.40677196149259953
0.26055531520495223	0.40695742310975824
0.2627089014885136	0.4071535049421454
0.26488028796117097	0.40736088121316294
0.2670696217480878	0.40758023941125465
0.2692770511904696	0.40781228001034275
0.2715027258556189	0.40805771616249
0.27374679654706546	0.40831727336251167
0.2760094153147876	0.40859168908433674
0.27829073546551325	0.4088817123889935
0.2805909115731055	0.40918810350417856
0.28291009948904	0.40951163337545393
0.28524845635296037	0.4098530831892032
0.28760614060332995	0.41021324386757396
0.2899833119881624	0.41059291553572497
0.2923801315758497	0.4109929069617966
0.2947967617660737	0.41141403497012097
0.29723336630080827	0.41185712382828976
0.29969011027541764	0.4123230046088019
0.30216716014983797	0.41281251452611345
0.3046646837598611	0.4133264962500214
0.30718285032850146	0.41386579719640826
0.30972183047746604	0.41443126879648895
0.3122817962387138	0.4150237657457919
0.31486292106610964	0.4156441452342151
0.31746537984718143	0.4162932661585941
0.32008934891496477	0.41697198831931015
0.32273500605995575	0.4176811716025681
0.32540253054215235	0.4184216751500509
0.32809210310320536	0.4191943565177536
0.33080390597865966	0.4200000708258681
0.3335381229103067	0.42083966990167476
0.3362949391586317	0.4217140014174552
0.3390745415153646	0.42262390802550864
0.34187711831614087	0.4235702264924103
0.3447028594532573	0.42455378683469036
0.34755195638854336	0.4255754114581646
0.350424602166329	0.4266359143031654
0.3533209914265291	0.4277360999979617
0.3562413204178298	0.4288767630226573
0.35918578701098286	0.4300586868858729
0.3621545907122184	0.431282643316514
0.3651479326767565	0.43254939147290683
0.3681660157224426	0.43385967717157725
0.3712090443434839	0.4352142321379009
0.374277224724311	0.4366137732808306
0.37737076475354236	0.4380590019938372
0.38048987403807505	0.4395506034841632
0.38363476391728496	0.4410892461324014
0.386805647477344	0.44267558088434444
0.3900027395656633	0.4443102406769659
0.39322625680544443	0.4459938399002884
0.39647641761036323	0.4477269738968088
0.39975344219936226	0.4495102185000188
0.40305755261157783	0.4513441296134655
0.40638897272138197	0.4532292428316488
0.40974792825354883	0.4551660731039353
0.41313464679855505	0.457155114442534
0.41654935782799335	0.45919683967541736
0.4199922927101279	0.46129170024495536
0.4234636847255636	0.4634401260528441
0.4269637690830598	0.4656425253517936
0.4304927829354598	0.4678992846842466
0.43405096539576576	0.47021076886827795
0.43763855755333747	0.4725773210306341
0.44125580249022495	0.47499926268673254
0.44490294529764507	0.4774768938672841
0.448580233092581	0.48001049329102297
0.45228791503453275	0.48260031858290797
0.45602624234239264	0.4852466065369707
0.45979546831147283	0.48794957342287504
0.46359584833066525	0.4907094153350775
0.46742763989974284	0.4935263085833592
0.47129110264681345	0.4964004101233721
0.4751864983459036	0.4993318580256906
0.47911409093470325	0.5023207719817833
0.4830741465324411	0.5053672538451623
0.4870669334579239	0.5084713882059148
0.4910927222477091	0.5116332429966793
0.4951517856744418	0.5148528701280957
0.49924439876533433	0.5181303061516369
0.5033708388207977	0.5214655729476971
0.507531385433238	0.5248586784367559
0.5117263205059918	0.5283096173113624
0.5159559282724354	0.5318183717867007
0.5202204953152356	0.5353849123674177
0.5245203105857736	0.5390091986284353
0.5288556654237218	0.5426911800074186
0.533226853576779	0.5464307966066049
0.5376341712205825	0.5502279800017214
0.5420779169787664	0.5540826540557048
0.5465583919432043	0.557994735735029
0.5510758996944014	0.5619641359264265
0.5556307463220717	0.5659907602519016
0.5602232404458739	0.5700745098799407
0.5648536932363197	0.5742152823309203
0.5695224184358646	0.5784129722747888
0.5742297323801575	0.5826674723191444
0.5789759540194831	0.5869786737859635
0.5837614049403639	0.5913464674752702
0.588586409387359	0.5957707444141861
0.5934512942850242	0.6002513965898351
0.5983563892600715	0.6047883176647434
0.6033020266636999	0.6093814036734169
0.6082885415941108	0.6140305536989182
0.6133162719192213	0.6187356705283731
0.618385558299547	0.623496661286401
0.623496744211294	0.628313438045637
0.6286501759696218	0.6331859184135378
0.6338462027521166	0.6381140260948515
0.639085176622447	0.6430976914291627
0.6443674525542143	0.648136851903067
0.6496933884550138	0.6532314526366307
0.655063345190674	0.6583814468438436
0.660477686609719	0.6635867962669348
0.6659367795680101	0.6688474715844368
0.6714409939536142	0.6741634527930437
0.6769907027118546	0.6795347295633187
0.6825862818705897	0.6849613015694597
0.6882281105656879	0.6904431787933392
0.6939165710667121	0.6959803818031483
0.6996520488028303	0.7015729420070393
0.7054349323889195	0.7072209018821853
0.7112656136519091	0.7129243151797953
0.717144487657317	0.7186832471066016
0.7230719527360288	0.7244977744834689
0.7290484105112823	0.7303679858817347
0.7350742659258761	0.7362939817379893
0.7411499272696169	0.7422758744480322
0.7472758062069722	0.7483137884407243
0.7534523178049748	0.7544078602325662
0.7596798805613346	0.7605582384637606
0.7659589164328061	0.7667650839166308
0.7722898508637667	0.7730285695171899
0.7786731128150541	0.7793488803207598
0.7851091347930264	0.7857262134824602
0.7915983528788622	0.7921607782134528
0.7981412067581191	0.7986527957238194
0.8047381397505123	0.8052024991529058
0.811389598839966	0.8118101334880383
0.8180960347048848	0.8184759554724199
0.8248579017487028	0.8252002335031023
0.8316756581306669	0.8319832475198288
0.8385497657968752	0.8388252888855829
0.8454806905115879	0.8457266602596683
0.8524689018887731	0.8526876754640659
0.8595148734239392	0.8597086593438881
0.8666190825262035	0.8667899476226253
0.8737820105506536	0.8739318867529667
0.8810041428309486	0.8811348337638428
0.8882859687122154	0.8883991561044233
0.8956279815841998	0.8957252314856798
0.9	0.9000885183885106
0.9030306789146911	0.9031134561839305
0.9104945622832421	0.9105642110243654
0.9180201374151391	0.9180779120016307
0.9256079142156824	0.9256549762626772
0.9332584068047217	0.9332958304088825
0.9409721335515032	0.9410009103353738
0.9487496171097872	0.9487706610717395
0.9565913844532554	0.9566055366245821
0.9644979669112302	0.9645059998223381
0.9724699002046597	0.9724725221626944
0.9805077244824324	0.9805055836630159
0.9886119843579596	0.9886056727140415
0.9967832289460905	0.9967732859372088
1.005022011900312	1.005008928045829
1.013328891450256	1.0133131117103749
1.0217044304395382	1.0216863574281245
1.0301491963638763	1.0301291933973025
1.0386637614095593	1.0386421553959546
1.0472487024922	1.0472257866656396
1.0559046012958402	1.0558806378001264
1.0646320443123483	1.0646072666391406
1.0734316228811716	1.073406238167303
1.0823039332293967	1.0822781244182762
1.0912495765121422	1.0912235043841838
1.1002691588533051	1.100242963930352
1.1093632913866125	1.1093370957153288
1.1185325902970473	1.1185064991162463
1.1277776768625805	1.1277517801594301
1.1370991774962824	1.1370735514562964
1.1464977237887604	1.1464724321444286
1.155973952550945	1.1559490478337977
1.1655285058572544	1.1655040305580782
1.1751620310890807	1.175138018730923
1.1848751809786728	1.1848516571071754
1.1946686136533438	1.1946455967488463
1.2045429926800828	1.2045204949958255
1.2144989871104965	1.2144770154411386
1.2245372715261584	1.2245158279107036
1.2346585260843088	1.2346376084474027
1.2448634365639324	1.244843039299369
1.2551526944122415	1.2551328089123759
1.2655269967915057	1.2655076119261377
1.2759870466263097	1.275968149174461
1.2865335526511599	1.2865151276890274
1.2971672294585241	1.2971492607067505
1.307888797547242	1.3078712676805038
1.318698983371335	1.3186818742931072
1.3295985193892472	1.3295818124744614
1.3405881441134528	1.3405718204216295
1.351668602160516	1.351652642621814
1.3628406443015217	1.3628250298780138
1.3741050275129678	1.374089739337316
1.3854625150280324	1.3854475345216135
1.3969138763883069	1.3968991853607091
1.4084598874959293	1.4084454682276186
1.4201013306661485	1.420087165975987
1.4318389946803494	1.4318250679795328
1.4436736748394765	1.4436599701733472
1.4556061730179435	1.455592675097031
1.467637297717941	1.4676239919394767
1.4797678641242396	1.4797547365853028
1.4919986941594134	1.4919857316627634
1.504330616539523	1.504317806593092
1.5167644668302862	1.5167517976412206
1.529301087503669	1.5292885479677274
1.5419413279949936	1.5419289076820382
1.5546860447604665	1.554673733896709
1.5675361013352325	1.5675238907828377
1.5804923683918743	1.5804802496264534
1.593555723799397	1.5935436888858754
1.6067270526827309	1.6067150942500117
1.6200072474826792	1.6199953586974831
1.6333972080164127	1.633385382556622
1.6468978415384108	1.646886073566208
1.6605100628019616	1.6604983469370111
1.6742347941211142	1.6742231254140014
1.6880729654331958	1.688061339339306
1.7020255143618108	1.7020139267157997
1.716093386280359	1.71608183327134
1.7302775343761165	1.7302660125236682
1.7445789197147914	1.7445674258458643
1.7589985113056705	1.7589870425324539
1.773537286167247	1.77352583986604
1.788196229393445	1.7881848031845644
1.8029763342203557	1.8029649259490894
1.8178786020935234	1.8178672098121416
1.8329040427358256	1.8328926646866406
1.8480536742158598	1.848042308815321
1.8633285230169518	1.8633171688407573
1.8787296241066784	1.8787182798758733
1.894258021007022	1.894246685575057
1.9099147658650457	1.909903438205757
1.92570091952421	1.9256895987206835
1.9416175515962395	1.9416062368305207
1.957665740533585	1.9576544310771924
1.9738465737025224	1.973835268907719
1.9901611474567968	1.9901498467485839
2.0066105672119394	2.006599270080722
2.023195947520135	2.0231846535150204
2.0399184121457674	2.039907120868458
2.05677909414155	2.056767805240784
2.073779135925283	2.0737678490917912
2.090919689357292	2.090908404319223
2.1082019158184377	2.108190632337228
2.1256269862888413	2.125615704155483
2.143196081427191	2.1431848004588763
2.160910391650775	2.1608991116878764
2.178771117216103	2.1787598381194675
2.1967794683002646	2.1967681899487905
2.214936665082911	2.214925387371384
2.233243937828917	2.2332326606660784
2.251702526971771	2.2516912502786037
2.270313683197586	2.2703024069057864
2.2890786675298767	2.289067391580505
2.307998751414968	2.30798747575725
2.327075216808173	2.3270639413984453
2.3463093562606407	2.34629808106142
2.365702473006921	2.365691197986085
2.3852558810532987	2.3852446061833676
2.4049709052667896	2.4049596305242975
2.4248488814649445	2.4248376068298874
2.444891156506323	2.444879881961679
2.4650990883817907	2.4650878139131
2.485474046306489	2.485462771901493
2.506017410812647	2.50600613646097
2.5267305738431034	2.52671929953598
2.5476149388456064	2.547603664575645
2.5686719208679394	2.568660646628918
2.5899029466537606	2.5898916724404524
2.6113094547393145	2.611298180547336
2.632892895550859	2.632881621376541
2.6546547315029794	2.6546434573432576
2.67659643709766	2.676585162949978
2.698719499024173	2.6987082248864045
2.7210254162598533	2.7210141421302305
2.743515700171614	2.743504426048673
2.766191874618401	2.7661806005009293
2.7890554760543944	2.7890442019413912
2.812108053633157	2.812096779523798
2.835351169312579	2.835339895206185
2.8587863979606944	2.8587751238567094
2.882415327462429	2.8824040533603963
2.906239558827143	2.906228284726689
2.930260706297155	2.930249432197976
2.954480397457073	2.954469123358921
2.978900273344117	2.9788889992467906
3.0	2.9999887259032496
3.0035219885592657	3.003510714462601
3.028347211379405	3.0283359372832708
3.0533776238703503	3.0533663497746395
3.078614922000793	3.07860364790542
3.1040608157572613	3.104049541662157
3.129717029259931	3.12970575516504
3.1555853008794945	3.1555740267847727
3.181667383354898	3.18165610926031
3.2079650439121443	3.2079537698176614
3.2344800643840137	3.234468790289614
3.2612142413307756	3.261202967236441
3.2881693861619627	3.2881581120676793
3.315347325259052	3.3153360511648087
3.3427499000992684	3.342738626005056
3.370378967380301	3.3703676932861124
3.398236399146161	3.398225125051991
3.4263240829139696	3.4263128088198145
3.4546439218018987	3.4546326477077547
3.4831978346580965	3.483186560563961
3.5119877561906816	3.5119764820965527
3.541015637098882	3.541004363004758
3.570283444205147	3.570272170111027
3.5997931605884745	3.5997818864943576
3.629546785718714	3.6295355116245993
3.6595463355920983	3.6595350614979854
3.6897938428678154	3.689782568773704
3.720291357005713	3.7202800829116023
3.7510409444052155	3.7510296703111057
3.7820446885452728	3.7820334144511634
3.813304690125592	3.813293416031483
3.844823067208911	3.8448117931148027
3.876601955364574	3.876590681270466
3.908643507813164	3.908632233719056
3.940949895572456	3.940938621478348
3.9735233076044905	3.9735120335103824
4.006365950963868	4.00635467686976
4.039480050947345	4.039468776853237
4.072867851244549	4.072856577150441
4.106531614090066	4.106520339995958
4.140473620416658	4.14046234632255
4.174696170009864	4.174684895915756
4.209201581663805	4.209190307569697
4.243992193338273	4.243980919244165
4.279070362317192	4.279059088223084
4.3144384653682835	4.314427191274175
4.3500988989041645	4.350087624810056
4.386054079144661	4.386042805050553
4.422306442280574	4.422295168186466
4.458858444638727	4.458847170544619
4.495712562848367	4.495701288754259
4.532871294009039	4.532860019914931
4.5703371558597015	4.570325881765593
4.608112686949399	4.608101412855291
4.646200446809185	4.646189172715077
4.684603016125625	4.684591742031517
4.723322996915579	4.723311722821471
4.762363012702567	4.762351738608459
4.801725708694506	4.801714434600398
4.841413751962907	4.841402477868799
4.881429831623656	4.881418557529548
4.921776659019138	4.92176538492503
4.962456967902028	4.96244569380792
5.0	4.999988725905892
5.003473514620442	5.003462240526334
5.044829078304763	5.044817804210655
5.086526461055918	5.08651518696181
5.128568488135207	5.128557214041099
5.170958008155805	5.170946734061697
5.213697893275684	5.213686619181576
5.256791039392314	5.256779765298206
5.300240366338786	5.3002290922446775
5.344048818081737	5.344037543987629
5.388219362920738	5.38820808882663
5.432754993689489	5.432743719595381
5.477658727958568	5.47764745386446
5.522933608239862	5.522922334145754
5.568582702192791	5.568571428098683
5.61460910283207	5.614597828737962
5.661015928737376	5.661004654643268
5.7078063242645545	5.707795050170446
5.754983459758755	5.754972185664647
5.802550531769204	5.802539257675096
5.850510763265757	5.850499489171649
5.898867403857359	5.898856129763251
5.947623730012129	5.947612455918021
5.996783045279458	5.99677177118535
6.0463486805137485	6.0463374064196405
6.096323994100199	6.096312720006091
6.146712372182258	6.14670109808815
6.197517228891141	6.197505954797033
6.248742006577126	6.248730732483018
6.300390176042753	6.300378901948645
6.352465236778082	6.352453962683974
6.404970717197706	6.404959443103598
6.457910174879924	6.457898900785816
6.511287196807685	6.511275922713577
6.565105399611725	6.565094125517617
6.61936842981557	6.619357155721462
6.674079964082577	6.674068689988469
6.729243709465144	6.729232435371036
6.7848634036557725	6.784852129561664
6.840942815240438	6.84093154114633
6.897485743953819	6.897474469859711
6.954496020936865	6.954484746842757
7.011977508996272	7.011966234902164
7.069934102866304	7.069922828772196
7.128369729472652	7.128358455378544
7.187288348198458	7.18727707410435
7.246693951152693	7.246682677058585
7.30659056344053	7.306579289346422
7.366982243436185	7.366970969342077
7.427873083057787	7.427861808963679
7.489267208044726	7.489255933950618
7.5511687782371615	7.551157504143053
7.613581987857825	7.613570713763717
7.676511065796317	7.676499791702209
7.739960275895517	7.739949001801409
7.803933917240608	7.8039226431465
7.8684363244502435	7.8684250503561355
7.933471867970355	7.933460593876247
7.999044954370231	7.999033680276123
8.065160026641038	8.06514875254693
8.131821564496981	8.131810290402873
8.199034084678694	8.199022810584585
8.266802141259413	8.266790867165305
8.335130325953415	8.335119051859307
8.404023268427261	8.404011994333153
8.47348563661336	8.473474362519251
8.54352213702636	8.543510862932251
8.614137515081994	8.614126240987886
8.685336555418575	8.685325281324467
8.757124082221285	8.757112808127177
8.829504959548919	8.82949368545481
8.90248409166359	8.902472817569482
8.976066423362886	8.976055149268777
9.050256940315036	9.050245666220928
9.12506066939666	9.125049395302552
9.20048267903333	9.200471404939222
9.276528079543102	9.276516805448994
9.353202023482632	9.353190749388524
9.430509705996446	9.430498431902338
9.508456365168785	9.508445091074677
9.587047282378677	9.587036008284569
9.666287782657628	9.66627650856352
9.746183235050562	9.746171960956454
9.826739052979553	9.826727778885445
9.907960694610553	9.907949420516445
9.989853663223359	9.989842389129251
10.072423507584336	10.072412233490228
10.155675822322541	10.155664548228433
10.239616248308636	10.239604974214528
10.324250473037225	10.324239198943117
10.409584231012172	10.409572956918064
10.495623304135073	10.495612030040965
10.58237352209717	10.582362248003061
10.669840762774182	10.669829488680074
10.758030952624733	10.758019678530625
10.846950067091738	10.84693879299763
10.936604131007455	10.936592856913347
11.026999219001517	11.02698794490741
11.118141455912703	11.118130181818595
11.210037017203843	11.210025743109735
11.302692129380196	11.302680855286088
11.396113070411486	11.396101796317378
11.490306170157087	11.490294896062979
11.58527781079511	11.585266536701003
11.681034427254632	11.681023153160524
11.77758250765188	11.777571233557772
11.874928593729765	11.874917319635657
11.973079281301057	11.97306800720695
12.072041220695466	12.072029946601358
12.171821117210035	12.171809843115927
12.272425731563679	12.272414457469571
12.373861880355062	12.373850606260953
12.476136436524634	12.476125162430526
12.579256329820248	12.57924505572614
12.68322854726662	12.683217273172511
12.788060133638911	12.788048859544803
12.893758191939867	12.893746917845759
13.000329883881276	13.000318609787168
13.107782430369037	13.107771156274929
13.216123111992612	13.216111837898504
13.32535926951813	13.325347995424021
13.435498304385954	13.435487030291846
13.546547679212093	13.546536405117985
13.65851491829377	13.658503644199662
13.771407608119418	13.77139633402531
13.8	13.799988725905893
13.885233397882496	13.885222123788388
13.999999999999996	13.999988725905888
