# T dotP
1.000000e-06 -1.154580e-04
1.023321e-06 -1.179460e-04
1.047185e-06 -1.204873e-04
1.071607e-06 -1.230830e-04
1.096597e-06 -1.257341e-04
1.122171e-06 -1.284421e-04
1.148341e-06 -1.312079e-04
1.175121e-06 -1.340328e-04
1.202525e-06 -1.369182e-04
1.230569e-06 -1.398653e-04
1.259267e-06 -1.428753e-04
1.288634e-06 -1.459497e-04
1.318686e-06 -1.490898e-04
1.349439e-06 -1.522969e-04
1.380909e-06 -1.555725e-04
1.413112e-06 -1.589182e-04
1.446067e-06 -1.623352e-04
1.479791e-06 -1.658252e-04
1.514301e-06 -1.693896e-04
1.549615e-06 -1.730302e-04
1.585753e-06 -1.767484e-04
1.622734e-06 -1.805459e-04
1.660578e-06 -1.844245e-04
1.699304e-06 -1.883857e-04
1.738933e-06 -1.924314e-04
1.779486e-06 -1.965633e-04
1.820985e-06 -2.007833e-04
1.863452e-06 -2.050933e-04
1.906909e-06 -2.094950e-04
1.951379e-06 -2.139906e-04
1.996887e-06 -2.185818e-04
2.043456e-06 -2.232708e-04
2.091111e-06 -2.280597e-04
2.139877e-06 -2.329505e-04
2.189781e-06 -2.379453e-04
2.240848e-06 -2.430465e-04
2.293106e-06 -2.482561e-04
2.346583e-06 -2.535766e-04
2.401307e-06 -2.590102e-04
2.457307e-06 -2.645593e-04
2.514614e-06 -2.702264e-04
2.573256e-06 -2.760139e-04
2.633267e-06 -2.819244e-04
2.694676e-06 -2.879604e-04
2.757518e-06 -2.941247e-04
2.821826e-06 -3.004198e-04
2.887633e-06 -3.068486e-04
2.954975e-06 -3.134139e-04
3.023887e-06 -3.201185e-04
3.094406e-06 -3.269654e-04
3.166570e-06 -3.339575e-04
3.240417e-06 -3.410979e-04
3.315986e-06 -3.483897e-04
3.393317e-06 -3.558361e-04
3.472452e-06 -3.634404e-04
3.553432e-06 -3.712058e-04
3.636301e-06 -3.791357e-04
3.721102e-06 -3.872336e-04
3.807881e-06 -3.955030e-04
3.896684e-06 -4.039476e-04
3.987557e-06 -4.125709e-04
4.080550e-06 -4.213766e-04
4.175711e-06 -4.303688e-04
4.273092e-06 -4.395512e-04
4.372744e-06 -4.489277e-04
4.474720e-06 -4.585026e-04
4.579073e-06 -4.682799e-04
4.685861e-06 -4.782639e-04
4.795139e-06 -4.884589e-04
4.906965e-06 -4.988693e-04
5.021399e-06 -5.094995e-04
5.138502e-06 -5.203543e-04
5.258336e-06 -5.314383e-04
5.380964e-06 -5.427562e-04
5.506452e-06 -5.543130e-04
5.634867e-06 -5.661136e-04
5.766276e-06 -5.781632e-04
5.900750e-06 -5.904669e-04
6.038360e-06 -6.030300e-04
6.179179e-06 -6.158580e-04
6.323282e-06 -6.289563e-04
6.470746e-06 -6.423306e-04
6.621648e-06 -6.559866e-04
6.776070e-06 -6.699302e-04
6.934093e-06 -6.841674e-04
7.095802e-06 -6.987043e-04
7.261281e-06 -7.135472e-04
7.430620e-06 -7.287023e-04
7.603907e-06 -7.441763e-04
7.781236e-06 -7.599756e-04
7.962700e-06 -7.761071e-04
8.148397e-06 -7.925778e-04
8.338423e-06 -8.093945e-04
8.532882e-06 -8.265645e-04
8.731875e-06 -8.440952e-04
8.935509e-06 -8.619940e-04
9.143892e-06 -8.802686e-04
9.357134e-06 -8.989267e-04
9.575349e-06 -9.179763e-04
9.798654e-06 -9.374256e-04
1.002717e-05 -9.572827e-04
1.026101e-05 -9.775562e-04
1.050030e-05 -9.982546e-04
1.074518e-05 -1.019387e-03
1.099576e-05 -1.040962e-03
1.125219e-05 -1.062989e-03
1.151460e-05 -1.085477e-03
1.178313e-05 -1.108435e-03
1.205792e-05 -1.131875e-03
1.233912e-05 -1.155804e-03
1.262688e-05 -1.180235e-03
1.292135e-05 -1.205176e-03
1.322268e-05 -1.230638e-03
1.353105e-05 -1.256633e-03
1.384660e-05 -1.283171e-03
1.416951e-05 -1.310263e-03
1.449996e-05 -1.337921e-03
1.483811e-05 -1.366156e-03
1.518414e-05 -1.394981e-03
1.553825e-05 -1.424407e-03
1.590061e-05 -1.454446e-03
1.627143e-05 -1.485113e-03
1.665089e-05 -1.516418e-03
1.703920e-05 -1.548376e-03
1.743657e-05 -1.581000e-03
1.784320e-05 -1.614304e-03
1.825932e-05 -1.648301e-03
1.868514e-05 -1.683005e-03
1.912089e-05 -1.718432e-03
1.956680e-05 -1.754596e-03
2.002312e-05 -1.791512e-03
2.049007e-05 -1.829196e-03
2.096791e-05 -1.867663e-03
2.145690e-05 -1.906929e-03
2.195729e-05 -1.947011e-03
2.246935e-05 -1.987925e-03
2.299335e-05 -2.029689e-03
2.352958e-05 -2.072319e-03
2.407830e-05 -2.115834e-03
2.463983e-05 -2.160252e-03
2.521445e-05 -2.205591e-03
2.580247e-05 -2.251869e-03
2.640420e-05 -2.299106e-03
2.701997e-05 -2.347322e-03
2.765009e-05 -2.396536e-03
2.829491e-05 -2.446770e-03
2.895477e-05 -2.498042e-03
2.963002e-05 -2.550376e-03
3.032101e-05 -2.603792e-03
3.102812e-05 -2.658312e-03
3.175172e-05 -2.713959e-03
3.249220e-05 -2.770755e-03
3.324994e-05 -2.828725e-03
3.402535e-05 -2.887892e-03
3.481885e-05 -2.948279e-03
3.563085e-05 -3.009913e-03
3.646179e-05 -3.072818e-03
3.731211e-05 -3.137020e-03
3.818225e-05 -3.202546e-03
3.907269e-05 -3.269421e-03
3.998390e-05 -3.337674e-03
4.091635e-05 -3.407333e-03
4.187055e-05 -3.478425e-03
4.284700e-05 -3.550979e-03
4.384623e-05 -3.625026e-03
4.486875e-05 -3.700596e-03
4.591513e-05 -3.777719e-03
4.698590e-05 -3.856426e-03
4.808165e-05 -3.936749e-03
4.920295e-05 -4.018722e-03
5.035040e-05 -4.102377e-03
5.152461e-05 -4.187748e-03
5.272620e-05 -4.274870e-03
5.395582e-05 -4.363778e-03
5.521411e-05 -4.454508e-03
5.650174e-05 -4.547096e-03
5.781941e-05 -4.641580e-03
5.916780e-05 -4.737998e-03
6.054763e-05 -4.836389e-03
6.195965e-05 -4.936792e-03
6.340460e-05 -5.039248e-03
6.488324e-05 -5.143797e-03
6.639637e-05 -5.250483e-03
6.794478e-05 -5.359346e-03
6.952930e-05 -5.470432e-03
7.115078e-05 -5.583784e-03
7.281007e-05 -5.699448e-03
7.450805e-05 -5.817470e-03
7.624564e-05 -5.937897e-03
7.802374e-05 -6.060777e-03
7.984332e-05 -6.186159e-03
8.170532e-05 -6.314092e-03
8.361075e-05 -6.444629e-03
8.556062e-05 -6.577819e-03
8.755596e-05 -6.713717e-03
8.959783e-05 -6.852376e-03
9.168732e-05 -6.993851e-03
9.382553e-05 -7.138198e-03
9.601362e-05 -7.285474e-03
9.825273e-05 -7.435737e-03
1.005441e-04 -7.589046e-03
1.028888e-04 -7.745462e-03
1.052883e-04 -7.905045e-03
1.077437e-04 -8.067860e-03
1.102563e-04 -8.233969e-03
1.128276e-04 -8.403438e-03
1.154588e-04 -8.576333e-03
1.181514e-04 -8.752722e-03
1.209068e-04 -8.932674e-03
1.237264e-04 -9.116259e-03
1.266118e-04 -9.303548e-03
1.295645e-04 -9.494615e-03
1.325860e-04 -9.689533e-03
1.356780e-04 -9.888379e-03
1.388422e-04 -1.009123e-02
1.420801e-04 -1.029816e-02
1.453935e-04 -1.050926e-02
1.487842e-04 -1.072461e-02
1.522539e-04 -1.094428e-02
1.558046e-04 -1.116836e-02
1.594381e-04 -1.139694e-02
1.631563e-04 -1.163012e-02
1.669612e-04 -1.186796e-02
1.708549e-04 -1.211058e-02
1.748393e-04 -1.235806e-02
1.789167e-04 -1.261049e-02
1.830892e-04 -1.286798e-02
1.873590e-04 -1.313062e-02
1.917283e-04 -1.339851e-02
1.961996e-04 -1.367176e-02
2.007751e-04 -1.395046e-02
2.054573e-04 -1.423472e-02
2.102487e-04 -1.452466e-02
2.151519e-04 -1.482038e-02
2.201694e-04 -1.512199e-02
2.253039e-04 -1.542961e-02
2.305582e-04 -1.574335e-02
2.359350e-04 -1.606333e-02
2.414372e-04 -1.638968e-02
2.470676e-04 -1.672251e-02
2.528295e-04 -1.706195e-02
2.587256e-04 -1.740813e-02
2.647593e-04 -1.776118e-02
2.709337e-04 -1.812122e-02
2.772521e-04 -1.848840e-02
2.837178e-04 -1.886285e-02
2.903343e-04 -1.924470e-02
2.971051e-04 -1.963411e-02
3.040338e-04 -2.003122e-02
3.111241e-04 -2.043617e-02
3.183798e-04 -2.084911e-02
3.258046e-04 -2.127020e-02
3.334026e-04 -2.169959e-02
3.411779e-04 -2.213743e-02
3.491344e-04 -2.258390e-02
3.572765e-04 -2.303915e-02
3.656084e-04 -2.350336e-02
3.741347e-04 -2.397668e-02
3.828598e-04 -2.445930e-02
3.917884e-04 -2.495138e-02
4.009252e-04 -2.545312e-02
4.102750e-04 -2.596469e-02
4.198430e-04 -2.648627e-02
4.296340e-04 -2.701806e-02
4.396534e-04 -2.756025e-02
4.499064e-04 -2.811304e-02
4.603986e-04 -2.867661e-02
4.711354e-04 -2.925119e-02
4.821227e-04 -2.983696e-02
4.933661e-04 -3.043415e-02
5.048718e-04 -3.104296e-02
5.166458e-04 -3.166362e-02
5.286944e-04 -3.229634e-02
5.410239e-04 -3.294136e-02
5.536410e-04 -3.359889e-02
5.665523e-04 -3.426917e-02
5.797648e-04 -3.495244e-02
5.932853e-04 -3.564894e-02
6.071212e-04 -3.635892e-02
6.212797e-04 -3.708262e-02
6.357684e-04 -3.782031e-02
6.505950e-04 -3.857223e-02
6.657674e-04 -3.933865e-02
6.812936e-04 -4.011984e-02
6.971818e-04 -4.091607e-02
7.134407e-04 -4.172761e-02
7.300786e-04 -4.255476e-02
7.471046e-04 -4.339778e-02
7.645276e-04 -4.425698e-02
7.823570e-04 -4.513265e-02
8.006022e-04 -4.602509e-02
8.192728e-04 -4.693461e-02
8.383789e-04 -4.786152e-02
8.579305e-04 -4.880613e-02
8.779381e-04 -4.976877e-02
8.984123e-04 -5.074975e-02
9.193639e-04 -5.174943e-02
9.408042e-04 -5.276812e-02
9.627444e-04 -5.380618e-02
9.851964e-04 -5.486395e-02
1.008172e-03 -5.594180e-02
1.031683e-03 -5.704007e-02
1.055743e-03 -5.815914e-02
1.080364e-03 -5.929938e-02
1.105558e-03 -6.046117e-02
1.131341e-03 -6.164488e-02
1.157725e-03 -6.285092e-02
1.184724e-03 -6.407968e-02
1.212352e-03 -6.533156e-02
1.240625e-03 -6.660697e-02
1.269558e-03 -6.790633e-02
1.299165e-03 -6.923007e-02
1.329462e-03 -7.057860e-02
1.360466e-03 -7.195237e-02
1.392193e-03 -7.335182e-02
1.424660e-03 -7.477740e-02
1.457884e-03 -7.622957e-02
1.491883e-03 -7.770879e-02
1.526675e-03 -7.921553e-02
1.562278e-03 -8.075027e-02
1.598712e-03 -8.231350e-02
1.635995e-03 -8.390571e-02
1.674148e-03 -8.552740e-02
1.713190e-03 -8.717908e-02
1.753143e-03 -8.886126e-02
1.794028e-03 -9.057446e-02
1.835866e-03 -9.231923e-02
1.878679e-03 -9.409609e-02
1.922492e-03 -9.590560e-02
1.967326e-03 -9.774830e-02
2.013205e-03 -9.962476e-02
2.060155e-03 -1.015356e-01
2.108199e-03 -1.034813e-01
2.157364e-03 -1.054625e-01
2.207675e-03 -1.074798e-01
2.259160e-03 -1.095338e-01
2.311845e-03 -1.116251e-01
2.365759e-03 -1.137543e-01
2.420930e-03 -1.159221e-01
2.477388e-03 -1.181291e-01
2.535163e-03 -1.203759e-01
2.594285e-03 -1.226632e-01
2.654785e-03 -1.249917e-01
2.716697e-03 -1.273621e-01
2.780052e-03 -1.297749e-01
2.844885e-03 -1.322309e-01
2.911230e-03 -1.347309e-01
2.979122e-03 -1.372755e-01
3.048598e-03 -1.398653e-01
3.119693e-03 -1.425013e-01
3.192447e-03 -1.451840e-01
3.266897e-03 -1.479142e-01
3.343084e-03 -1.506928e-01
3.421047e-03 -1.535203e-01
3.500828e-03 -1.563977e-01
3.582470e-03 -1.593257e-01
3.666016e-03 -1.623050e-01
3.751510e-03 -1.653366e-01
3.838998e-03 -1.684211e-01
3.928527e-03 -1.715593e-01
4.020143e-03 -1.747522e-01
4.113896e-03 -1.780005e-01
4.209835e-03 -1.813051e-01
4.308011e-03 -1.846669e-01
4.408477e-03 -1.880866e-01
4.511286e-03 -1.915651e-01
4.616493e-03 -1.951034e-01
4.724153e-03 -1.987022e-01
4.834324e-03 -2.023625e-01
4.947064e-03 -2.060852e-01
5.062433e-03 -2.098711e-01
5.180493e-03 -2.137213e-01
5.301306e-03 -2.176365e-01
5.424937e-03 -2.216177e-01
5.551450e-03 -2.256658e-01
5.680914e-03 -2.297818e-01
5.813397e-03 -2.339667e-01
5.948970e-03 -2.382212e-01
6.087705e-03 -2.425465e-01
6.229674e-03 -2.469434e-01
6.374955e-03 -2.514129e-01
6.523624e-03 -2.559560e-01
6.675760e-03 -2.605736e-01
6.831443e-03 -2.652667e-01
6.990758e-03 -2.700363e-01
7.153788e-03 -2.748833e-01
7.320619e-03 -2.798087e-01
7.491342e-03 -2.848135e-01
7.666045e-03 -2.898986e-01
7.844823e-03 -2.950651e-01
8.027771e-03 -3.003138e-01
8.214984e-03 -3.056458e-01
8.406564e-03 -3.110620e-01
8.602611e-03 -3.165634e-01
8.803231e-03 -3.221509e-01
9.008529e-03 -3.278255e-01
9.218614e-03 -3.335881e-01
9.433599e-03 -3.394397e-01
9.653598e-03 -3.453811e-01
9.878727e-03 -3.514133e-01
1.010911e-02 -3.575372e-01
1.034486e-02 -3.637537e-01
1.058611e-02 -3.700636e-01
1.083298e-02 -3.764677e-01
1.108562e-02 -3.829670e-01
1.134414e-02 -3.895623e-01
1.160870e-02 -3.962543e-01
1.187942e-02 -4.030437e-01
1.215646e-02 -4.099315e-01
1.243996e-02 -4.169182e-01
1.273006e-02 -4.240045e-01
1.302694e-02 -4.311912e-01
1.333074e-02 -4.384788e-01
1.364162e-02 -4.458679e-01
1.395975e-02 -4.533590e-01
1.428530e-02 -4.609528e-01
1.461845e-02 -4.686495e-01
1.495936e-02 -4.764497e-01
1.530823e-02 -4.843536e-01
1.566522e-02 -4.923617e-01
1.603055e-02 -5.004741e-01
1.640439e-02 -5.086909e-01
1.678696e-02 -5.170124e-01
1.717844e-02 -5.254386e-01
1.757906e-02 -5.339693e-01
1.798901e-02 -5.426046e-01
1.840853e-02 -5.513442e-01
1.883783e-02 -5.601879e-01
1.927714e-02 -5.691352e-01
1.972670e-02 -5.781857e-01
2.018674e-02 -5.873388e-01
2.065751e-02 -5.965938e-01
2.113926e-02 -6.059499e-01
2.163224e-02 -6.154062e-01
2.213672e-02 -6.249616e-01
2.265297e-02 -6.346150e-01
2.318125e-02 -6.443649e-01
2.372186e-02 -6.542099e-01
2.427507e-02 -6.641483e-01
2.484118e-02 -6.741784e-01
2.542050e-02 -6.842982e-01
2.601332e-02 -6.945055e-01
2.661997e-02 -7.047978e-01
2.724077e-02 -7.151728e-01
2.787605e-02 -7.256276e-01
2.852614e-02 -7.361593e-01
2.919139e-02 -7.467646e-01
2.987215e-02 -7.574400e-01
3.056879e-02 -7.681820e-01
3.128168e-02 -7.789866e-01
3.201119e-02 -7.898496e-01
3.275772e-02 -8.007664e-01
3.352165e-02 -8.117323e-01
3.430340e-02 -8.227423e-01
3.510339e-02 -8.337910e-01
3.592202e-02 -8.448726e-01
3.675975e-02 -8.559812e-01
3.761702e-02 -8.671105e-01
3.849427e-02 -8.782537e-01
3.939199e-02 -8.894038e-01
4.031064e-02 -9.005534e-01
4.125071e-02 -9.116948e-01
4.221271e-02 -9.228198e-01
4.319714e-02 -9.339200e-01
4.420453e-02 -9.449864e-01
4.523542e-02 -9.560099e-01
4.629034e-02 -9.669809e-01
4.736987e-02 -9.778894e-01
4.847457e-02 -9.887251e-01
4.960503e-02 -9.994774e-01
5.076186e-02 -1.010135e+00
5.194566e-02 -1.020688e+00
5.315707e-02 -1.031124e+00
5.439674e-02 -1.041431e+00
5.566531e-02 -1.051597e+00
5.696347e-02 -1.061612e+00
5.829190e-02 -1.071463e+00
5.965131e-02 -1.081138e+00
6.104242e-02 -1.090627e+00
6.246598e-02 -1.099917e+00
6.392273e-02 -1.109000e+00
6.541346e-02 -1.117864e+00
6.693895e-02 -1.126502e+00
6.850002e-02 -1.134907e+00
7.009749e-02 -1.143073e+00
7.173221e-02 -1.150997e+00
7.340506e-02 -1.158679e+00
7.511692e-02 -1.166122e+00
7.686871e-02 -1.173334e+00
7.866134e-02 -1.180326e+00
8.049579e-02 -1.187118e+00
8.237301e-02 -1.193737e+00
8.429401e-02 -1.200217e+00
8.625981e-02 -1.206607e+00
8.827145e-02 -1.212967e+00
9.033001e-02 -1.219375e+00
9.243657e-02 -1.225929e+00
9.459226e-02 -1.232752e+00
9.679823e-02 -1.239995e+00
9.905563e-02 -1.247849e+00
1.013657e-01 -1.256546e+00
1.037296e-01 -1.266372e+00
1.061487e-01 -1.277681e+00
1.086241e-01 -1.290904e+00
1.111573e-01 -1.306570e+00
1.137496e-01 -1.325322e+00
1.164023e-01 -1.347950e+00
1.191169e-01 -1.375411e+00
1.218948e-01 -1.408869e+00
1.247375e-01 -1.449733e+00
1.276465e-01 -1.499701e+00
1.306233e-01 -1.560811e+00
1.336695e-01 -1.635484e+00
1.367868e-01 -1.726570e+00
1.399768e-01 -1.837376e+00
1.432411e-01 -1.971657e+00
1.465816e-01 -2.133553e+00
1.500000e-01 -2.327435e+00
1.500000e-01 -1.864447e+00
1.534940e-01 -2.101431e+00
1.570694e-01 -2.430028e+00
1.607281e-01 -2.877747e+00
1.644720e-01 -3.474191e+00
1.683031e-01 -4.244430e+00
1.722235e-01 -5.195671e+00
1.762352e-01 -6.295848e+00
1.803403e-01 -7.448251e+00
1.845410e-01 -8.477726e+00
1.888396e-01 -9.155003e+00
1.932383e-01 -9.275797e+00
1.977395e-01 -8.765061e+00
2.023456e-01 -7.729444e+00
2.070589e-01 -6.406287e+00
2.118820e-01 -5.049095e+00
2.168175e-01 -3.836807e+00
2.218679e-01 -2.849824e+00
2.270359e-01 -2.093900e+00
2.323244e-01 -1.535944e+00
2.377360e-01 -1.131106e+00
2.432737e-01 -8.373098e-01
2.489404e-01 -6.207034e-01
2.547391e-01 -4.562761e-01
2.606728e-01 -3.265170e-01
2.667448e-01 -2.196121e-01
2.729582e-01 -1.278081e-01
2.793163e-01 -4.612878e-02
2.858225e-01 2.855766e-02
2.924803e-01 9.818496e-02
2.992932e-01 1.639231e-01
3.062648e-01 2.264624e-01
3.133987e-01 2.861967e-01
3.206989e-01 3.433384e-01
3.281690e-01 3.979908e-01
3.358132e-01 4.501924e-01
3.436355e-01 4.999441e-01
3.516399e-01 5.472263e-01
3.598308e-01 5.920098e-01
3.682125e-01 6.342624e-01
3.767894e-01 6.739543e-01
3.855662e-01 7.110620e-01
3.945473e-01 7.455713e-01
4.037377e-01 7.774805e-01
4.131421e-01 8.068024e-01
4.227656e-01 8.335663e-01
4.326133e-01 8.578196e-01
4.426903e-01 8.796282e-01
4.530021e-01 8.990776e-01
4.635541e-01 9.162713e-01
4.743518e-01 9.313302e-01
4.854011e-01 9.443907e-01
4.967078e-01 9.556015e-01
5.082778e-01 9.651212e-01
5.201173e-01 9.731141e-01
5.322327e-01 9.797471e-01
5.446302e-01 9.851856e-01
5.573165e-01 9.895903e-01
5.702983e-01 9.931139e-01
5.835825e-01 9.958983e-01
5.971762e-01 9.980730e-01
6.110864e-01 9.997535e-01
6.253207e-01 1.001041e+00
6.398866e-01 1.002020e+00
6.547918e-01 1.002765e+00
6.700441e-01 1.003333e+00
6.856517e-01 1.003772e+00
7.016229e-01 1.004118e+00
7.179661e-01 1.004399e+00
7.346900e-01 1.004636e+00
7.518035e-01 1.004843e+00
7.693156e-01 1.005031e+00
7.872356e-01 1.005208e+00
8.055730e-01 1.005376e+00
8.243375e-01 1.005541e+00
8.435392e-01 1.005703e+00
8.631881e-01 1.005864e+00
8.832947e-01 1.006024e+00
9.038697e-01 1.006184e+00
9.249239e-01 1.006343e+00
9.464686e-01 1.006503e+00
9.685151e-01 1.006663e+00
9.910751e-01 1.006822e+00
1.014161e+00 1.006982e+00
1.037784e+00 1.007142e+00
1.061957e+00 1.007301e+00
1.086694e+00 1.007461e+00
1.112007e+00 1.007621e+00
1.137909e+00 1.007780e+00
1.164415e+00 1.007940e+00
1.191538e+00 1.008100e+00
1.219293e+00 1.008260e+00
1.247695e+00 1.008420e+00
1.276758e+00 1.008579e+00
1.306498e+00 1.008739e+00
1.336931e+00 1.008899e+00
1.368073e+00 1.009059e+00
1.399940e+00 1.009219e+00
1.432549e+00 1.009379e+00
1.465918e+00 1.009539e+00
1.500064e+00 1.009699e+00
1.535006e+00 1.009859e+00
1.570762e+00 1.010019e+00
1.607350e+00 1.010180e+00
1.644791e+00 1.010340e+00
1.683104e+00 1.010500e+00
1.722309e+00 1.010660e+00
1.762427e+00 1.010820e+00
1.803480e+00 1.010980e+00
1.845490e+00 1.011141e+00
1.888477e+00 1.011301e+00
1.932467e+00 1.011461e+00
1.977480e+00 1.011622e+00
2.023543e+00 1.011782e+00
2.070678e+00 1.011943e+00
2.118911e+00 1.012103e+00
2.168268e+00 1.012263e+00
2.218774e+00 1.012424e+00
2.270457e+00 1.012584e+00
2.323344e+00 1.012745e+00
2.377462e+00 1.012905e+00
2.432842e+00 1.013066e+00
2.489511e+00 1.013227e+00
2.547500e+00 1.013387e+00
2.606840e+00 1.013548e+00
2.667562e+00 1.013709e+00
2.729699e+00 1.013869e+00
2.793283e+00 1.014030e+00
2.858348e+00 1.014191e+00
2.924929e+00 1.014352e+00
2.993061e+00 1.014512e+00
3.062779e+00 1.014673e+00
3.134122e+00 1.014834e+00
3.207126e+00 1.014995e+00
3.281831e+00 1.015156e+00
3.358277e+00 1.015317e+00
3.436502e+00 1.015478e+00
3.516550e+00 1.015639e+00
3.598463e+00 1.015800e+00
3.682283e+00 1.015961e+00
3.768056e+00 1.016122e+00
3.855827e+00 1.016283e+00
3.945643e+00 1.016444e+00
4.037550e+00 1.016605e+00
4.131599e+00 1.016766e+00
4.227838e+00 1.016928e+00
4.326319e+00 1.017089e+00
4.427094e+00 1.017250e+00
4.530216e+00 1.017411e+00
4.635740e+00 1.017573e+00
4.743722e+00 1.017734e+00
4.854220e+00 1.017895e+00
4.967291e+00 1.018057e+00
5.082997e+00 1.018218e+00
5.201397e+00 1.018380e+00
5.322555e+00 1.018541e+00
5.446536e+00 1.018702e+00
5.573405e+00 1.018864e+00
5.703228e+00 1.019025e+00
5.836076e+00 1.019187e+00
5.972018e+00 1.019349e+00
6.111127e+00 1.019510e+00
6.253476e+00 1.019672e+00
6.399141e+00 1.019833e+00
6.548199e+00 1.019995e+00
6.700729e+00 1.020157e+00
6.856812e+00 1.020319e+00
7.016531e+00 1.020480e+00
7.179970e+00 1.020642e+00
7.347216e+00 1.020804e+00
7.518358e+00 1.020966e+00
7.693486e+00 1.021128e+00
7.872694e+00 1.021290e+00
8.056076e+00 1.021451e+00
8.243730e+00 1.021613e+00
8.435754e+00 1.021775e+00
8.632252e+00 1.021937e+00
8.833327e+00 1.022099e+00
9.039085e+00 1.022261e+00
9.249637e+00 1.022423e+00
9.465092e+00 1.022585e+00
9.685567e+00 1.022748e+00
9.911177e+00 1.022910e+00
1.014204e+01 1.023072e+00
1.037829e+01 1.023234e+00
1.062003e+01 1.023396e+00
1.086741e+01 1.023559e+00
1.112055e+01 1.023721e+00
1.137958e+01 1.023883e+00
1.164465e+01 1.024045e+00
1.191590e+01 1.024208e+00
1.219346e+01 1.024370e+00
1.247749e+01 1.024533e+00
1.276813e+01 1.024695e+00
1.306554e+01 1.024857e+00
1.336988e+01 1.025020e+00
1.368132e+01 1.025182e+00
1.400000e+01 1.025345e+00
