# z    H_over_H0
1.000000e-04  1.000047e+00
1.020961e-04  1.000048e+00
1.042361e-04  1.000049e+00
1.064209e-04  1.000050e+00
1.086516e-04  1.000051e+00
1.109290e-04  1.000052e+00
1.132541e-04  1.000053e+00
1.156280e-04  1.000054e+00
1.180517e-04  1.000056e+00
1.205261e-04  1.000057e+00
1.230524e-04  1.000058e+00
1.256317e-04  1.000059e+00
1.282650e-04  1.000060e+00
1.309535e-04  1.000062e+00
1.336984e-04  1.000063e+00
1.365008e-04  1.000064e+00
1.393619e-04  1.000066e+00
1.422830e-04  1.000067e+00
1.452654e-04  1.000068e+00
1.483103e-04  1.000070e+00
1.514189e-04  1.000071e+00
1.545928e-04  1.000073e+00
1.578331e-04  1.000074e+00
1.611414e-04  1.000076e+00
1.645191e-04  1.000077e+00
1.679675e-04  1.000079e+00
1.714882e-04  1.000081e+00
1.750827e-04  1.000082e+00
1.787526e-04  1.000084e+00
1.824993e-04  1.000086e+00
1.863246e-04  1.000088e+00
1.902301e-04  1.000089e+00
1.942175e-04  1.000091e+00
1.982884e-04  1.000093e+00
2.024447e-04  1.000095e+00
2.066880e-04  1.000097e+00
2.110203e-04  1.000099e+00
2.154435e-04  1.000101e+00
2.199593e-04  1.000103e+00
2.245698e-04  1.000106e+00
2.292769e-04  1.000108e+00
2.340827e-04  1.000110e+00
2.389893e-04  1.000112e+00
2.439986e-04  1.000115e+00
2.491130e-04  1.000117e+00
2.543346e-04  1.000120e+00
2.596656e-04  1.000122e+00
2.651084e-04  1.000125e+00
2.706652e-04  1.000127e+00
2.763385e-04  1.000130e+00
2.821308e-04  1.000133e+00
2.880444e-04  1.000135e+00
2.940820e-04  1.000138e+00
3.002462e-04  1.000141e+00
3.065395e-04  1.000144e+00
3.129648e-04  1.000147e+00
3.195248e-04  1.000150e+00
3.262222e-04  1.000153e+00
3.330600e-04  1.000157e+00
3.400412e-04  1.000160e+00
3.471687e-04  1.000163e+00
3.544456e-04  1.000167e+00
3.618750e-04  1.000170e+00
3.694601e-04  1.000174e+00
3.772042e-04  1.000177e+00
3.851107e-04  1.000181e+00
3.931829e-04  1.000185e+00
4.014242e-04  1.000189e+00
4.098384e-04  1.000193e+00
4.184289e-04  1.000197e+00
4.271994e-04  1.000201e+00
4.361538e-04  1.000205e+00
4.452959e-04  1.000209e+00
4.546295e-04  1.000214e+00
4.641589e-04  1.000218e+00
4.738880e-04  1.000223e+00
4.838210e-04  1.000228e+00
4.939622e-04  1.000232e+00
5.043159e-04  1.000237e+00
5.148867e-04  1.000242e+00
5.256791e-04  1.000247e+00
5.366977e-04  1.000252e+00
5.479472e-04  1.000258e+00
5.594326e-04  1.000263e+00
5.711586e-04  1.000269e+00
5.831305e-04  1.000274e+00
5.953533e-04  1.000280e+00
6.078323e-04  1.000286e+00
6.205729e-04  1.000292e+00
6.335805e-04  1.000298e+00
6.468608e-04  1.000304e+00
6.604194e-04  1.000311e+00
6.742622e-04  1.000317e+00
6.883952e-04  1.000324e+00
7.028244e-04  1.000331e+00
7.175561e-04  1.000338e+00
7.325965e-04  1.000345e+00
7.479523e-04  1.000352e+00
7.636298e-04  1.000359e+00
7.796360e-04  1.000367e+00
7.959777e-04  1.000374e+00
8.126619e-04  1.000382e+00
8.296959e-04  1.000390e+00
8.470868e-04  1.000399e+00
8.648423e-04  1.000407e+00
8.829700e-04  1.000415e+00
9.014776e-04  1.000424e+00
9.203732e-04  1.000433e+00
9.396648e-04  1.000442e+00
9.593608e-04  1.000451e+00
9.794697e-04  1.000461e+00
1.000000e-03  1.000471e+00
1.020961e-03  1.000480e+00
1.042361e-03  1.000491e+00
1.064209e-03  1.000501e+00
1.086516e-03  1.000511e+00
1.109290e-03  1.000522e+00
1.132541e-03  1.000533e+00
1.156280e-03  1.000544e+00
1.180517e-03  1.000556e+00
1.205261e-03  1.000567e+00
1.230524e-03  1.000579e+00
1.256317e-03  1.000591e+00
1.282650e-03  1.000604e+00
1.309535e-03  1.000616e+00
1.336984e-03  1.000629e+00
1.365008e-03  1.000642e+00
1.393619e-03  1.000656e+00
1.422830e-03  1.000670e+00
1.452654e-03  1.000684e+00
1.483103e-03  1.000698e+00
1.514189e-03  1.000713e+00
1.545928e-03  1.000728e+00
1.578331e-03  1.000743e+00
1.611414e-03  1.000759e+00
1.645191e-03  1.000775e+00
1.679675e-03  1.000791e+00
1.714882e-03  1.000807e+00
1.750827e-03  1.000824e+00
1.787526e-03  1.000842e+00
1.824993e-03  1.000859e+00
1.863246e-03  1.000877e+00
1.902301e-03  1.000896e+00
1.942175e-03  1.000915e+00
1.982884e-03  1.000934e+00
2.024447e-03  1.000953e+00
2.066880e-03  1.000973e+00
2.110203e-03  1.000994e+00
2.154435e-03  1.001015e+00
2.199593e-03  1.001036e+00
2.245698e-03  1.001058e+00
2.292769e-03  1.001080e+00
2.340827e-03  1.001103e+00
2.389893e-03  1.001126e+00
2.439986e-03  1.001149e+00
2.491130e-03  1.001174e+00
2.543346e-03  1.001198e+00
2.596656e-03  1.001223e+00
2.651084e-03  1.001249e+00
2.706652e-03  1.001275e+00
2.763385e-03  1.001302e+00
2.821308e-03  1.001329e+00
2.880444e-03  1.001357e+00
2.940820e-03  1.001386e+00
3.002462e-03  1.001415e+00
3.065395e-03  1.001445e+00
3.129648e-03  1.001475e+00
3.195248e-03  1.001506e+00
3.262222e-03  1.001538e+00
3.330600e-03  1.001570e+00
3.400412e-03  1.001603e+00
3.471687e-03  1.001637e+00
3.544456e-03  1.001671e+00
3.618750e-03  1.001706e+00
3.694601e-03  1.001742e+00
3.772042e-03  1.001779e+00
3.851107e-03  1.001816e+00
3.931829e-03  1.001854e+00
4.014242e-03  1.001893e+00
4.098384e-03  1.001933e+00
4.184289e-03  1.001974e+00
4.271994e-03  1.002015e+00
4.361538e-03  1.002058e+00
4.452959e-03  1.002101e+00
4.546295e-03  1.002145e+00
4.641589e-03  1.002190e+00
4.738880e-03  1.002236e+00
4.838210e-03  1.002283e+00
4.939622e-03  1.002331e+00
5.043159e-03  1.002380e+00
5.148867e-03  1.002431e+00
5.256791e-03  1.002482e+00
5.366977e-03  1.002534e+00
5.479472e-03  1.002587e+00
5.594326e-03  1.002642e+00
5.711586e-03  1.002697e+00
5.831305e-03  1.002754e+00
5.953533e-03  1.002812e+00
6.078323e-03  1.002871e+00
6.205729e-03  1.002932e+00
6.335805e-03  1.002994e+00
6.468608e-03  1.003057e+00
6.604194e-03  1.003121e+00
6.742622e-03  1.003187e+00
6.883952e-03  1.003254e+00
7.028244e-03  1.003322e+00
7.175561e-03  1.003392e+00
7.325965e-03  1.003464e+00
7.479523e-03  1.003537e+00
7.636298e-03  1.003612e+00
7.796360e-03  1.003688e+00
7.959777e-03  1.003765e+00
8.126619e-03  1.003845e+00
8.296959e-03  1.003926e+00
8.470868e-03  1.004009e+00
8.648423e-03  1.004093e+00
8.829700e-03  1.004180e+00
9.014776e-03  1.004268e+00
9.203732e-03  1.004358e+00
9.396648e-03  1.004450e+00
9.593608e-03  1.004544e+00
9.794697e-03  1.004640e+00
1.000000e-02  1.004738e+00
1.020961e-02  1.004838e+00
1.042361e-02  1.004940e+00
1.064209e-02  1.005045e+00
1.086516e-02  1.005151e+00
1.109290e-02  1.005260e+00
1.132541e-02  1.005371e+00
1.156280e-02  1.005485e+00
1.180517e-02  1.005601e+00
1.205261e-02  1.005719e+00
1.230524e-02  1.005840e+00
1.256317e-02  1.005964e+00
1.282650e-02  1.006090e+00
1.309535e-02  1.006219e+00
1.336984e-02  1.006351e+00
1.365008e-02  1.006485e+00
1.393619e-02  1.006623e+00
1.422830e-02  1.006763e+00
1.452654e-02  1.006906e+00
1.483103e-02  1.007053e+00
1.514189e-02  1.007202e+00
1.545928e-02  1.007355e+00
1.578331e-02  1.007511e+00
1.611414e-02  1.007670e+00
1.645191e-02  1.007833e+00
1.679675e-02  1.007999e+00
1.714882e-02  1.008169e+00
1.750827e-02  1.008343e+00
1.787526e-02  1.008520e+00
1.824993e-02  1.008701e+00
1.863246e-02  1.008886e+00
1.902301e-02  1.009075e+00
1.942175e-02  1.009268e+00
1.982884e-02  1.009465e+00
2.024447e-02  1.009666e+00
2.066880e-02  1.009872e+00
2.110203e-02  1.010082e+00
2.154435e-02  1.010297e+00
2.199593e-02  1.010516e+00
2.245698e-02  1.010740e+00
2.292769e-02  1.010969e+00
2.340827e-02  1.011203e+00
2.389893e-02  1.011442e+00
2.439986e-02  1.011687e+00
2.491130e-02  1.011936e+00
2.543346e-02  1.012191e+00
2.596656e-02  1.012452e+00
2.651084e-02  1.012718e+00
2.706652e-02  1.012990e+00
2.763385e-02  1.013268e+00
2.821308e-02  1.013552e+00
2.880444e-02  1.013842e+00
2.940820e-02  1.014138e+00
3.002462e-02  1.014441e+00
3.065395e-02  1.014751e+00
3.129648e-02  1.015067e+00
3.195248e-02  1.015391e+00
3.262222e-02  1.015721e+00
3.330600e-02  1.016059e+00
3.400412e-02  1.016404e+00
3.471687e-02  1.016757e+00
3.544456e-02  1.017117e+00
3.618750e-02  1.017486e+00
3.694601e-02  1.017862e+00
3.772042e-02  1.018247e+00
3.851107e-02  1.018640e+00
3.931829e-02  1.019043e+00
4.014242e-02  1.019454e+00
4.098384e-02  1.019874e+00
4.184289e-02  1.020303e+00
4.271994e-02  1.020742e+00
4.361538e-02  1.021191e+00
4.452959e-02  1.021650e+00
4.546295e-02  1.022119e+00
4.641589e-02  1.022598e+00
4.738880e-02  1.023088e+00
4.838210e-02  1.023589e+00
4.939622e-02  1.024102e+00
5.043159e-02  1.024626e+00
5.148867e-02  1.025161e+00
5.256791e-02  1.025709e+00
5.366977e-02  1.026269e+00
5.479472e-02  1.026842e+00
5.594326e-02  1.027427e+00
5.711586e-02  1.028026e+00
5.831305e-02  1.028639e+00
5.953533e-02  1.029265e+00
6.078323e-02  1.029905e+00
6.205729e-02  1.030561e+00
6.335805e-02  1.031231e+00
6.468608e-02  1.031916e+00
6.604194e-02  1.032617e+00
6.742622e-02  1.033334e+00
6.883952e-02  1.034067e+00
7.028244e-02  1.034818e+00
7.175561e-02  1.035585e+00
7.325965e-02  1.036370e+00
7.479523e-02  1.037174e+00
7.636298e-02  1.037996e+00
7.796360e-02  1.038837e+00
7.959777e-02  1.039697e+00
8.126619e-02  1.040577e+00
8.296959e-02  1.041478e+00
8.470868e-02  1.042400e+00
8.648423e-02  1.043344e+00
8.829700e-02  1.044309e+00
9.014776e-02  1.045297e+00
9.203732e-02  1.046309e+00
9.396648e-02  1.047344e+00
9.593608e-02  1.048404e+00
9.794697e-02  1.049488e+00
1.000000e-01  1.050598e+00
1.020961e-01  1.051735e+00
1.042361e-01  1.052899e+00
1.064209e-01  1.054090e+00
1.086516e-01  1.055310e+00
1.109290e-01  1.056559e+00
1.132541e-01  1.057838e+00
1.156280e-01  1.059148e+00
1.180517e-01  1.060489e+00
1.205261e-01  1.061863e+00
1.230524e-01  1.063269e+00
1.256317e-01  1.064710e+00
1.282650e-01  1.066186e+00
1.309535e-01  1.067698e+00
1.336984e-01  1.069247e+00
1.365008e-01  1.070833e+00
1.393619e-01  1.072459e+00
1.422830e-01  1.074124e+00
1.452654e-01  1.075831e+00
1.483103e-01  1.077580e+00
1.514189e-01  1.079372e+00
1.545928e-01  1.081208e+00
1.578331e-01  1.083090e+00
1.611414e-01  1.085020e+00
1.645191e-01  1.086997e+00
1.679675e-01  1.089024e+00
1.714882e-01  1.091102e+00
1.750827e-01  1.093232e+00
1.787526e-01  1.095416e+00
1.824993e-01  1.097656e+00
1.863246e-01  1.099952e+00
1.902301e-01  1.102307e+00
1.942175e-01  1.104722e+00
1.982884e-01  1.107199e+00
2.024447e-01  1.109739e+00
2.066880e-01  1.112345e+00
2.110203e-01  1.115018e+00
2.154435e-01  1.117760e+00
2.199593e-01  1.120573e+00
2.245698e-01  1.123459e+00
2.292769e-01  1.126421e+00
2.340827e-01  1.129460e+00
2.389893e-01  1.132579e+00
2.439986e-01  1.135780e+00
2.491130e-01  1.139065e+00
2.543346e-01  1.142437e+00
2.596656e-01  1.145899e+00
2.651084e-01  1.149453e+00
2.706652e-01  1.153101e+00
2.763385e-01  1.156847e+00
2.821308e-01  1.160693e+00
2.880444e-01  1.164642e+00
2.940820e-01  1.168698e+00
3.002462e-01  1.172864e+00
3.065395e-01  1.177142e+00
3.129648e-01  1.181537e+00
3.195248e-01  1.186051e+00
3.262222e-01  1.190688e+00
3.330600e-01  1.195453e+00
3.400412e-01  1.200348e+00
3.471687e-01  1.205378e+00
3.544456e-01  1.210546e+00
3.618750e-01  1.215857e+00
3.694601e-01  1.221316e+00
3.772042e-01  1.226926e+00
3.851107e-01  1.232693e+00
3.931829e-01  1.238620e+00
4.014242e-01  1.244714e+00
4.098384e-01  1.250978e+00
4.184289e-01  1.257418e+00
4.271994e-01  1.264040e+00
4.361538e-01  1.270849e+00
4.452959e-01  1.277851e+00
4.546295e-01  1.285051e+00
4.641589e-01  1.292456e+00
4.738880e-01  1.300072e+00
4.838210e-01  1.307905e+00
4.939622e-01  1.315962e+00
5.043159e-01  1.324251e+00
5.148867e-01  1.332777e+00
5.256791e-01  1.341548e+00
5.366977e-01  1.350572e+00
5.479472e-01  1.359857e+00
5.594326e-01  1.369410e+00
5.711586e-01  1.379239e+00
5.831305e-01  1.389354e+00
5.953533e-01  1.399763e+00
6.078323e-01  1.410474e+00
6.205729e-01  1.421498e+00
6.335805e-01  1.432844e+00
6.468608e-01  1.444521e+00
6.604194e-01  1.456539e+00
6.742622e-01  1.468910e+00
6.883952e-01  1.481644e+00
7.028244e-01  1.494751e+00
7.175561e-01  1.508244e+00
7.325965e-01  1.522134e+00
7.479523e-01  1.536432e+00
7.636298e-01  1.551153e+00
7.796360e-01  1.566308e+00
7.959777e-01  1.581910e+00
8.126619e-01  1.597973e+00
8.296959e-01  1.614512e+00
8.470868e-01  1.631539e+00
8.648423e-01  1.649071e+00
8.829700e-01  1.667123e+00
9.014776e-01  1.685709e+00
9.203732e-01  1.704847e+00
9.396648e-01  1.724553e+00
9.593608e-01  1.744843e+00
9.794697e-01  1.765736e+00
1.000000e+00  1.787249e+00
1.020961e+00  1.809402e+00
1.042361e+00  1.832213e+00
1.064209e+00  1.855701e+00
1.086516e+00  1.879888e+00
1.109290e+00  1.904794e+00
1.132541e+00  1.930440e+00
1.156280e+00  1.956848e+00
1.180517e+00  1.984042e+00
1.205261e+00  2.012044e+00
1.230524e+00  2.040879e+00
1.256317e+00  2.070570e+00
1.282650e+00  2.101145e+00
1.309535e+00  2.132628e+00
1.336984e+00  2.165047e+00
1.365008e+00  2.198430e+00
1.393619e+00  2.232804e+00
1.422830e+00  2.268200e+00
1.452654e+00  2.304647e+00
1.483103e+00  2.342177e+00
1.514189e+00  2.380821e+00
1.545928e+00  2.420613e+00
1.578331e+00  2.461586e+00
1.611414e+00  2.503775e+00
1.645191e+00  2.547217e+00
1.679675e+00  2.591947e+00
1.714882e+00  2.638005e+00
1.750827e+00  2.685429e+00
1.787526e+00  2.734259e+00
1.824993e+00  2.784538e+00
1.863246e+00  2.836308e+00
1.902301e+00  2.889613e+00
1.942175e+00  2.944499e+00
1.982884e+00  3.001012e+00
2.024447e+00  3.059200e+00
2.066880e+00  3.119114e+00
2.110203e+00  3.180803e+00
2.154435e+00  3.244321e+00
2.199593e+00  3.309723e+00
2.245698e+00  3.377063e+00
2.292769e+00  3.446399e+00
2.340827e+00  3.517792e+00
2.389893e+00  3.591301e+00
2.439986e+00  3.666990e+00
2.491130e+00  3.744924e+00
2.543346e+00  3.825170e+00
2.596656e+00  3.907797e+00
2.651084e+00  3.992876e+00
2.706652e+00  4.080479e+00
2.763385e+00  4.170684e+00
2.821308e+00  4.263567e+00
2.880444e+00  4.359208e+00
2.940820e+00  4.457692e+00
3.002462e+00  4.559102e+00
3.065395e+00  4.663527e+00
3.129648e+00  4.771057e+00
3.195248e+00  4.881787e+00
3.262222e+00  4.995812e+00
3.330600e+00  5.113231e+00
3.400412e+00  5.234148e+00
3.471687e+00  5.358668e+00
3.544456e+00  5.486900e+00
3.618750e+00  5.618956e+00
3.694601e+00  5.754952e+00
3.772042e+00  5.895008e+00
3.851107e+00  6.039247e+00
3.931829e+00  6.187795e+00
4.014242e+00  6.340785e+00
4.098384e+00  6.498351e+00
4.184289e+00  6.660632e+00
4.271994e+00  6.827773e+00
4.361538e+00  6.999921e+00
4.452959e+00  7.177230e+00
4.546295e+00  7.359857e+00
4.641589e+00  7.547965e+00
4.738880e+00  7.741721e+00
4.838210e+00  7.941298e+00
4.939622e+00  8.146876e+00
5.043159e+00  8.358638e+00
5.148867e+00  8.576773e+00
5.256791e+00  8.801478e+00
5.366977e+00  9.032954e+00
5.479472e+00  9.271411e+00
5.594326e+00  9.517062e+00
5.711586e+00  9.770129e+00
5.831305e+00  1.003084e+01
5.953533e+00  1.029943e+01
6.078323e+00  1.057615e+01
6.205729e+00  1.086124e+01
6.335805e+00  1.115496e+01
6.468608e+00  1.145759e+01
6.604194e+00  1.176939e+01
6.742622e+00  1.209064e+01
6.883952e+00  1.242165e+01
7.028244e+00  1.276272e+01
7.175561e+00  1.311415e+01
7.325965e+00  1.347626e+01
7.479523e+00  1.384940e+01
7.636298e+00  1.423389e+01
7.796360e+00  1.463010e+01
7.959777e+00  1.503838e+01
8.126619e+00  1.545912e+01
8.296959e+00  1.589269e+01
8.470868e+00  1.633951e+01
8.648423e+00  1.679997e+01
8.829700e+00  1.727451e+01
9.014776e+00  1.776356e+01
9.203732e+00  1.826757e+01
9.396648e+00  1.878702e+01
9.593608e+00  1.932238e+01
9.794697e+00  1.987415e+01
1.000000e+01  2.044284e+01
1.020961e+01  2.102897e+01
1.042361e+01  2.163310e+01
1.064209e+01  2.225578e+01
1.086516e+01  2.289760e+01
1.109290e+01  2.355914e+01
1.132541e+01  2.424104e+01
1.156280e+01  2.494391e+01
1.180517e+01  2.566843e+01
1.205261e+01  2.641526e+01
1.230524e+01  2.718510e+01
1.256317e+01  2.797868e+01
1.282650e+01  2.879674e+01
1.309535e+01  2.964003e+01
1.336984e+01  3.050936e+01
1.365008e+01  3.140554e+01
1.393619e+01  3.232940e+01
1.422830e+01  3.328182e+01
1.452654e+01  3.426369e+01
1.483103e+01  3.527593e+01
1.514189e+01  3.631950e+01
1.545928e+01  3.739537e+01
1.578331e+01  3.850457e+01
1.611414e+01  3.964813e+01
1.645191e+01  4.082713e+01
1.679675e+01  4.204269e+01
1.714882e+01  4.329594e+01
1.750827e+01  4.458809e+01
1.787526e+01  4.592034e+01
1.824993e+01  4.729395e+01
1.863246e+01  4.871022e+01
1.902301e+01  5.017050e+01
1.942175e+01  5.167616e+01
1.982884e+01  5.322864e+01
2.024447e+01  5.482939e+01
2.066880e+01  5.647994e+01
2.110203e+01  5.818185e+01
2.154435e+01  5.993674e+01
2.199593e+01  6.174626e+01
2.245698e+01  6.361215e+01
2.292769e+01  6.553617e+01
2.340827e+01  6.752015e+01
2.389893e+01  6.956597e+01
2.439986e+01  7.167557e+01
2.491130e+01  7.385098e+01
2.543346e+01  7.609424e+01
2.596656e+01  7.840751e+01
2.651084e+01  8.079298e+01
2.706652e+01  8.325292e+01
2.763385e+01  8.578968e+01
2.821308e+01  8.840567e+01
2.880444e+01  9.110339e+01
2.940820e+01  9.388541e+01
3.002462e+01  9.675439e+01
3.065395e+01  9.971305e+01
3.129648e+01  1.027642e+02
3.195248e+01  1.059108e+02
3.262222e+01  1.091559e+02
3.330600e+01  1.125025e+02
3.400412e+01  1.159538e+02
3.471687e+01  1.195131e+02
3.544456e+01  1.231839e+02
3.618750e+01  1.269696e+02
3.694601e+01  1.308739e+02
3.772042e+01  1.349005e+02
3.851107e+01  1.390532e+02
3.931829e+01  1.433361e+02
4.014242e+01  1.477532e+02
4.098384e+01  1.523087e+02
4.184289e+01  1.570071e+02
4.271994e+01  1.618528e+02
4.361538e+01  1.668504e+02
4.452959e+01  1.720048e+02
4.546295e+01  1.773210e+02
4.641589e+01  1.828039e+02
4.738880e+01  1.884588e+02
4.838210e+01  1.942913e+02
4.939622e+01  2.003068e+02
5.043159e+01  2.065112e+02
5.148867e+01  2.129104e+02
5.256791e+01  2.195105e+02
5.366977e+01  2.263179e+02
5.479472e+01  2.333391e+02
5.594326e+01  2.405809e+02
5.711586e+01  2.480502e+02
5.831305e+01  2.557542e+02
5.953533e+01  2.637003e+02
6.078323e+01  2.718961e+02
6.205729e+01  2.803496e+02
6.335805e+01  2.890688e+02
6.468608e+01  2.980621e+02
6.604194e+01  3.073382e+02
6.742622e+01  3.169060e+02
6.883952e+01  3.267747e+02
7.028244e+01  3.369537e+02
7.175561e+01  3.474530e+02
7.325965e+01  3.582825e+02
7.479523e+01  3.694528e+02
7.636298e+01  3.809745e+02
7.796360e+01  3.928588e+02
7.959777e+01  4.051171e+02
8.126619e+01  4.177611e+02
8.296959e+01  4.308032e+02
8.470868e+01  4.442558e+02
8.648423e+01  4.581319e+02
8.829700e+01  4.724448e+02
9.014776e+01  4.872084e+02
9.203732e+01  5.024368e+02
9.396648e+01  5.181449e+02
9.593608e+01  5.343475e+02
9.794697e+01  5.510605e+02
1.000000e+02  5.683000e+02
1.020961e+02  5.860824e+02
1.042361e+02  6.044250e+02
1.064209e+02  6.233455e+02
1.086516e+02  6.428620e+02
1.109290e+02  6.629935e+02
1.132541e+02  6.837594e+02
1.156280e+02  7.051796e+02
1.180517e+02  7.272748e+02
1.205261e+02  7.500663e+02
1.230524e+02  7.735762e+02
1.256317e+02  7.978271e+02
1.282650e+02  8.228424e+02
1.309535e+02  8.486462e+02
1.336984e+02  8.752635e+02
1.365008e+02  9.027199e+02
1.393619e+02  9.310420e+02
1.422830e+02  9.602570e+02
1.452654e+02  9.903931e+02
1.483103e+02  1.021480e+03
1.514189e+02  1.053546e+03
1.545928e+02  1.086624e+03
1.578331e+02  1.120745e+03
1.611414e+02  1.155942e+03
1.645191e+02  1.192250e+03
1.679675e+02  1.229702e+03
1.714882e+02  1.268336e+03
1.750827e+02  1.308188e+03
1.787526e+02  1.349298e+03
1.824993e+02  1.391704e+03
1.863246e+02  1.435448e+03
1.902301e+02  1.480572e+03
1.942175e+02  1.527120e+03
1.982884e+02  1.575136e+03
2.024447e+02  1.624668e+03
2.066880e+02  1.675762e+03
2.110203e+02  1.728468e+03
2.154435e+02  1.782838e+03
2.199593e+02  1.838923e+03
2.245698e+02  1.896778e+03
2.292769e+02  1.956459e+03
2.340827e+02  2.018023e+03
2.389893e+02  2.081531e+03
2.439986e+02  2.147042e+03
2.491130e+02  2.214622e+03
2.543346e+02  2.284334e+03
2.596656e+02  2.356246e+03
2.651084e+02  2.430429e+03
2.706652e+02  2.506953e+03
2.763385e+02  2.585892e+03
2.821308e+02  2.667324e+03
2.880444e+02  2.751326e+03
2.940820e+02  2.837979e+03
3.002462e+02  2.927369e+03
3.065395e+02  3.019580e+03
3.129648e+02  3.114702e+03
3.195248e+02  3.212828e+03
3.262222e+02  3.314052e+03
3.330600e+02  3.418471e+03
3.400412e+02  3.526187e+03
3.471687e+02  3.637305e+03
3.544456e+02  3.751930e+03
3.618750e+02  3.870175e+03
3.694601e+02  3.992154e+03
3.772042e+02  4.117985e+03
3.851107e+02  4.247788e+03
3.931829e+02  4.381691e+03
4.014242e+02  4.519822e+03
4.098384e+02  4.662315e+03
4.184289e+02  4.809308e+03
4.271994e+02  4.960942e+03
4.361538e+02  5.117366e+03
4.452959e+02  5.278729e+03
4.546295e+02  5.445189e+03
4.641589e+02  5.616905e+03
4.738880e+02  5.794045e+03
4.838210e+02  5.976779e+03
4.939622e+02  6.165284e+03
5.043159e+02  6.359744e+03
5.148867e+02  6.560345e+03
5.256791e+02  6.767282e+03
5.366977e+02  6.980754e+03
5.479472e+02  7.200970e+03
5.594326e+02  7.428141e+03
5.711586e+02  7.662488e+03
5.831305e+02  7.904237e+03
5.953533e+02  8.153622e+03
6.078323e+02  8.410884e+03
6.205729e+02  8.676273e+03
6.335805e+02  8.950044e+03
6.468608e+02  9.232464e+03
6.604194e+02  9.523805e+03
6.742622e+02  9.824349e+03
6.883952e+02  1.013439e+04
7.028244e+02  1.045422e+04
7.175561e+02  1.078415e+04
7.325965e+02  1.112451e+04
7.479523e+02  1.147562e+04
7.636298e+02  1.183783e+04
7.796360e+02  1.221147e+04
7.959777e+02  1.259692e+04
8.126619e+02  1.299455e+04
8.296959e+02  1.340473e+04
8.470868e+02  1.382788e+04
8.648423e+02  1.426439e+04
8.829700e+02  1.471470e+04
9.014776e+02  1.517923e+04
9.203732e+02  1.565844e+04
9.396648e+02  1.615279e+04
9.593608e+02  1.666275e+04
9.794697e+02  1.718883e+04
1.000000e+03  1.773153e+04
1.020961e+03  1.829138e+04
1.042361e+03  1.886891e+04
1.064209e+03  1.946469e+04
1.086516e+03  2.007929e+04
1.109290e+03  2.071332e+04
1.132541e+03  2.136737e+04
1.156280e+03  2.204209e+04
1.180517e+03  2.273813e+04
1.205261e+03  2.345616e+04
1.230524e+03  2.419688e+04
1.256317e+03  2.496101e+04
1.282650e+03  2.574927e+04
1.309535e+03  2.656244e+04
1.336984e+03  2.740131e+04
1.365008e+03  2.826668e+04
1.393619e+03  2.915940e+04
1.422830e+03  3.008032e+04
1.452654e+03  3.103035e+04
1.483103e+03  3.201039e+04
1.514189e+03  3.302140e+04
1.545928e+03  3.406435e+04
1.578331e+03  3.514026e+04
1.611414e+03  3.625017e+04
1.645191e+03  3.739515e+04
1.679675e+03  3.857631e+04
1.714882e+03  3.979479e+04
1.750827e+03  4.105177e+04
1.787526e+03  4.234848e+04
1.824993e+03  4.368616e+04
1.863246e+03  4.506611e+04
1.902301e+03  4.648966e+04
1.942175e+03  4.795820e+04
1.982884e+03  4.947314e+04
2.024447e+03  5.103596e+04
2.066880e+03  5.264816e+04
2.110203e+03  5.431130e+04
2.154435e+03  5.602700e+04
2.199593e+03  5.779692e+04
2.245698e+03  5.962277e+04
2.292769e+03  6.150631e+04
2.340827e+03  6.344938e+04
2.389893e+03  6.545385e+04
2.439986e+03  6.752166e+04
2.491130e+03  6.965482e+04
2.543346e+03  7.185538e+04
2.596656e+03  7.412549e+04
2.651084e+03  7.646733e+04
2.706652e+03  7.888318e+04
2.763385e+03  8.137537e+04
2.821308e+03  8.394631e+04
2.880444e+03  8.659851e+04
2.940820e+03  8.933451e+04
3.002462e+03  9.215698e+04
3.065395e+03  9.506865e+04
3.129648e+03  9.807232e+04
3.195248e+03  1.011709e+05
3.262222e+03  1.043674e+05
3.330600e+03  1.076650e+05
3.400412e+03  1.110667e+05
3.471687e+03  1.145760e+05
3.544456e+03  1.181961e+05
3.618750e+03  1.219307e+05
3.694601e+03  1.257832e+05
3.772042e+03  1.297576e+05
3.851107e+03  1.338575e+05
3.931829e+03  1.380870e+05
4.014242e+03  1.424501e+05
4.098384e+03  1.469511e+05
4.184289e+03  1.515944e+05
4.271994e+03  1.563844e+05
4.361538e+03  1.613258e+05
4.452959e+03  1.664234e+05
4.546295e+03  1.716820e+05
4.641589e+03  1.771069e+05
4.738880e+03  1.827032e+05
4.838210e+03  1.884763e+05
4.939622e+03  1.944319e+05
5.043159e+03  2.005757e+05
5.148867e+03  2.069137e+05
5.256791e+03  2.134519e+05
5.366977e+03  2.201968e+05
5.479472e+03  2.271549e+05
5.594326e+03  2.343328e+05
5.711586e+03  2.417376e+05
5.831305e+03  2.493765e+05
5.953533e+03  2.572567e+05
6.078323e+03  2.653860e+05
6.205729e+03  2.737721e+05
6.335805e+03  2.824234e+05
6.468608e+03  2.913480e+05
6.604194e+03  3.005547e+05
6.742622e+03  3.100523e+05
6.883952e+03  3.198501e+05
7.028244e+03  3.299575e+05
7.175561e+03  3.403844e+05
7.325965e+03  3.511408e+05
7.479523e+03  3.622372e+05
7.636298e+03  3.736842e+05
7.796360e+03  3.854930e+05
7.959777e+03  3.976750e+05
8.126619e+03  4.102420e+05
8.296959e+03  4.232062e+05
8.470868e+03  4.365801e+05
8.648423e+03  4.503766e+05
8.829700e+03  4.646092e+05
9.014776e+03  4.792916e+05
9.203732e+03  4.944380e+05
9.396648e+03  5.100631e+05
9.593608e+03  5.261820e+05
9.794697e+03  5.428103e+05
1.000000e+04  5.599642e+05
1.020961e+04  5.776602e+05
1.042361e+04  5.959154e+05
1.064209e+04  6.147476e+05
1.086516e+04  6.341750e+05
1.109290e+04  6.542163e+05
1.132541e+04  6.748911e+05
1.156280e+04  6.962193e+05
1.180517e+04  7.182215e+05
1.205261e+04  7.409191e+05
1.230524e+04  7.643340e+05
1.256317e+04  7.884889e+05
1.282650e+04  8.134073e+05
1.309535e+04  8.391131e+05
1.336984e+04  8.656314e+05
1.365008e+04  8.929878e+05
1.393619e+04  9.212088e+05
1.422830e+04  9.503216e+05
1.452654e+04  9.803546e+05
1.483103e+04  1.011337e+06
1.514189e+04  1.043298e+06
1.545928e+04  1.076269e+06
1.578331e+04  1.110283e+06
1.611414e+04  1.145371e+06
1.645191e+04  1.181569e+06
1.679675e+04  1.218910e+06
1.714882e+04  1.257432e+06
1.750827e+04  1.297171e+06
1.787526e+04  1.338166e+06
1.824993e+04  1.380456e+06
1.863246e+04  1.424084e+06
1.902301e+04  1.469090e+06
1.942175e+04  1.515518e+06
1.982884e+04  1.563414e+06
2.024447e+04  1.612823e+06
2.066880e+04  1.663794e+06
2.110203e+04  1.716376e+06
2.154435e+04  1.770620e+06
2.199593e+04  1.826578e+06
2.245698e+04  1.884305e+06
2.292769e+04  1.943856e+06
2.340827e+04  2.005289e+06
2.389893e+04  2.068664e+06
2.439986e+04  2.134042e+06
2.491130e+04  2.201486e+06
2.543346e+04  2.271061e+06
2.596656e+04  2.342836e+06
2.651084e+04  2.416878e+06
2.706652e+04  2.493261e+06
2.763385e+04  2.572058e+06
2.821308e+04  2.653346e+06
2.880444e+04  2.737202e+06
2.940820e+04  2.823709e+06
3.002462e+04  2.912950e+06
3.065395e+04  3.005011e+06
3.129648e+04  3.099982e+06
3.195248e+04  3.197954e+06
3.262222e+04  3.299023e+06
3.330600e+04  3.403286e+06
3.400412e+04  3.510844e+06
3.471687e+04  3.621802e+06
3.544456e+04  3.736266e+06
3.618750e+04  3.854348e+06
3.694601e+04  3.976162e+06
3.772042e+04  4.101826e+06
3.851107e+04  4.231461e+06
3.931829e+04  4.365194e+06
4.014242e+04  4.503153e+06
4.098384e+04  4.645473e+06
4.184289e+04  4.792290e+06
4.271994e+04  4.943748e+06
4.361538e+04  5.099992e+06
4.452959e+04  5.261174e+06
4.546295e+04  5.427451e+06
4.641589e+04  5.598983e+06
4.738880e+04  5.775936e+06
4.838210e+04  5.958481e+06
4.939622e+04  6.146796e+06
5.043159e+04  6.341063e+06
5.148867e+04  6.541469e+06
5.256791e+04  6.748210e+06
5.366977e+04  6.961484e+06
5.479472e+04  7.181499e+06
5.594326e+04  7.408467e+06
5.711586e+04  7.642609e+06
5.831305e+04  7.884151e+06
5.953533e+04  8.133326e+06
6.078323e+04  8.390377e+06
6.205729e+04  8.655552e+06
6.335805e+04  8.929108e+06
6.468608e+04  9.211310e+06
6.604194e+04  9.502430e+06
6.742622e+04  9.802752e+06
6.883952e+04  1.011256e+07
7.028244e+04  1.043217e+07
7.175561e+04  1.076188e+07
7.325965e+04  1.110200e+07
7.479523e+04  1.145288e+07
7.636298e+04  1.181484e+07
7.796360e+04  1.218825e+07
7.959777e+04  1.257346e+07
8.126619e+04  1.297084e+07
8.296959e+04  1.338078e+07
8.470868e+04  1.380367e+07
8.648423e+04  1.423994e+07
8.829700e+04  1.468999e+07
9.014776e+04  1.515426e+07
9.203732e+04  1.563321e+07
9.396648e+04  1.612729e+07
9.593608e+04  1.663699e+07
9.794697e+04  1.716280e+07
1.000000e+05  1.770523e+07
