# z   H_over_H0
0.000000e+00 1.000000e+00
1.000000e-04 9.999004e-01
1.023293e-04 9.998980e-01
1.047129e-04 9.998957e-01
1.071519e-04 9.998932e-01
1.096478e-04 9.998908e-01
1.122018e-04 9.998882e-01
1.148154e-04 9.998856e-01
1.174898e-04 9.998829e-01
1.202264e-04 9.998802e-01
1.230269e-04 9.998774e-01
1.258925e-04 9.998746e-01
1.288250e-04 9.998716e-01
1.318257e-04 9.998687e-01
1.348963e-04 9.998656e-01
1.380384e-04 9.998625e-01
1.412538e-04 9.998593e-01
1.445440e-04 9.998560e-01
1.479108e-04 9.998526e-01
1.513561e-04 9.998492e-01
1.548817e-04 9.998457e-01
1.584893e-04 9.998421e-01
1.621810e-04 9.998384e-01
1.659587e-04 9.998347e-01
1.698244e-04 9.998308e-01
1.737801e-04 9.998269e-01
1.778279e-04 9.998228e-01
1.819701e-04 9.998187e-01
1.862087e-04 9.998145e-01
1.905461e-04 9.998102e-01
1.949845e-04 9.998057e-01
1.995262e-04 9.998012e-01
2.041738e-04 9.997966e-01
2.089296e-04 9.997919e-01
2.137962e-04 9.997870e-01
2.187762e-04 9.997820e-01
2.238721e-04 9.997770e-01
2.290868e-04 9.997718e-01
2.344229e-04 9.997665e-01
2.398833e-04 9.997610e-01
2.454709e-04 9.997555e-01
2.511886e-04 9.997498e-01
2.570396e-04 9.997439e-01
2.630268e-04 9.997380e-01
2.691535e-04 9.997319e-01
2.754229e-04 9.997256e-01
2.818383e-04 9.997192e-01
2.884032e-04 9.997127e-01
2.951209e-04 9.997060e-01
3.019952e-04 9.996992e-01
3.090295e-04 9.996922e-01
3.162278e-04 9.996850e-01
3.235937e-04 9.996777e-01
3.311311e-04 9.996702e-01
3.388442e-04 9.996625e-01
3.467369e-04 9.996546e-01
3.548134e-04 9.996466e-01
3.630781e-04 9.996383e-01
3.715352e-04 9.996299e-01
3.801894e-04 9.996213e-01
3.890451e-04 9.996125e-01
3.981072e-04 9.996035e-01
4.073803e-04 9.995942e-01
4.168694e-04 9.995848e-01
4.265795e-04 9.995751e-01
4.365158e-04 9.995652e-01
4.466836e-04 9.995551e-01
4.570882e-04 9.995447e-01
4.677351e-04 9.995341e-01
4.786301e-04 9.995233e-01
4.897788e-04 9.995122e-01
5.011872e-04 9.995008e-01
5.128614e-04 9.994892e-01
5.248075e-04 9.994773e-01
5.370318e-04 9.994652e-01
5.495409e-04 9.994527e-01
5.623413e-04 9.994400e-01
5.754399e-04 9.994269e-01
5.888437e-04 9.994136e-01
6.025596e-04 9.993999e-01
6.165950e-04 9.993860e-01
6.309573e-04 9.993717e-01
6.456542e-04 9.993571e-01
6.606934e-04 9.993421e-01
6.760830e-04 9.993268e-01
6.918310e-04 9.993111e-01
7.079458e-04 9.992951e-01
7.244360e-04 9.992787e-01
7.413102e-04 9.992619e-01
7.585776e-04 9.992447e-01
7.762471e-04 9.992271e-01
7.943282e-04 9.992091e-01
8.128305e-04 9.991907e-01
8.317638e-04 9.991719e-01
8.511380e-04 9.991526e-01
8.709636e-04 9.991329e-01
8.912509e-04 9.991127e-01
9.120108e-04 9.990920e-01
9.332543e-04 9.990709e-01
9.549926e-04 9.990493e-01
9.772372e-04 9.990272e-01
1.000000e-03 9.990045e-01
1.023293e-03 9.989814e-01
1.047129e-03 9.989577e-01
1.071519e-03 9.989334e-01
1.096478e-03 9.989086e-01
1.122018e-03 9.988832e-01
1.148154e-03 9.988572e-01
1.174898e-03 9.988306e-01
1.202264e-03 9.988034e-01
1.230269e-03 9.987756e-01
1.258925e-03 9.987471e-01
1.288250e-03 9.987180e-01
1.318257e-03 9.986881e-01
1.348963e-03 9.986576e-01
1.380384e-03 9.986264e-01
1.412538e-03 9.985944e-01
1.445440e-03 9.985618e-01
1.479108e-03 9.985283e-01
1.513561e-03 9.984941e-01
1.548817e-03 9.984590e-01
1.584893e-03 9.984232e-01
1.621810e-03 9.983865e-01
1.659587e-03 9.983490e-01
1.698244e-03 9.983106e-01
1.737801e-03 9.982713e-01
1.778279e-03 9.982311e-01
1.819701e-03 9.981900e-01
1.862087e-03 9.981479e-01
1.905461e-03 9.981049e-01
1.949845e-03 9.980608e-01
1.995262e-03 9.980157e-01
2.041738e-03 9.979696e-01
2.089296e-03 9.979224e-01
2.137962e-03 9.978741e-01
2.187762e-03 9.978247e-01
2.238721e-03 9.977742e-01
2.290868e-03 9.977224e-01
2.344229e-03 9.976695e-01
2.398833e-03 9.976153e-01
2.454709e-03 9.975599e-01
2.511886e-03 9.975032e-01
2.570396e-03 9.974452e-01
2.630268e-03 9.973859e-01
2.691535e-03 9.973251e-01
2.754229e-03 9.972630e-01
2.818383e-03 9.971994e-01
2.884032e-03 9.971344e-01
2.951209e-03 9.970678e-01
3.019952e-03 9.969997e-01
3.090295e-03 9.969301e-01
3.162278e-03 9.968588e-01
3.235937e-03 9.967858e-01
3.311311e-03 9.967112e-01
3.388442e-03 9.966349e-01
3.467369e-03 9.965568e-01
3.548134e-03 9.964768e-01
3.630781e-03 9.963951e-01
3.715352e-03 9.963114e-01
3.801894e-03 9.962258e-01
3.890451e-03 9.961382e-01
3.981072e-03 9.960486e-01
4.073803e-03 9.959570e-01
4.168694e-03 9.958632e-01
4.265795e-03 9.957672e-01
4.365158e-03 9.956690e-01
4.466836e-03 9.955686e-01
4.570882e-03 9.954658e-01
4.677351e-03 9.953607e-01
4.786301e-03 9.952532e-01
4.897788e-03 9.951431e-01
5.011872e-03 9.950306e-01
5.128614e-03 9.949154e-01
5.248075e-03 9.947976e-01
5.370318e-03 9.946770e-01
5.495409e-03 9.945537e-01
5.623413e-03 9.944275e-01
5.754399e-03 9.942985e-01
5.888437e-03 9.941664e-01
6.025596e-03 9.940314e-01
6.165950e-03 9.938932e-01
6.309573e-03 9.937518e-01
6.456542e-03 9.936072e-01
6.606934e-03 9.934593e-01
6.760830e-03 9.933079e-01
6.918310e-03 9.931531e-01
7.079458e-03 9.929947e-01
7.244360e-03 9.928327e-01
7.413102e-03 9.926670e-01
7.585776e-03 9.924974e-01
7.762471e-03 9.923240e-01
7.943282e-03 9.921466e-01
8.128305e-03 9.919651e-01
8.317638e-03 9.917795e-01
8.511380e-03 9.915896e-01
8.709636e-03 9.913954e-01
8.912509e-03 9.911967e-01
9.120108e-03 9.909935e-01
9.332543e-03 9.907856e-01
9.549926e-03 9.905730e-01
9.772372e-03 9.903555e-01
1.000000e-02 9.901331e-01
1.023293e-02 9.899056e-01
1.047129e-02 9.896729e-01
1.071519e-02 9.894348e-01
1.096478e-02 9.891914e-01
1.122018e-02 9.889424e-01
1.148154e-02 9.886877e-01
1.174898e-02 9.884273e-01
1.202264e-02 9.881609e-01
1.230269e-02 9.878884e-01
1.258925e-02 9.876098e-01
1.288250e-02 9.873248e-01
1.318257e-02 9.870334e-01
1.348963e-02 9.867353e-01
1.380384e-02 9.864305e-01
1.412538e-02 9.861188e-01
1.445440e-02 9.858001e-01
1.479108e-02 9.854741e-01
1.513561e-02 9.851407e-01
1.548817e-02 9.847999e-01
1.584893e-02 9.844513e-01
1.621810e-02 9.840948e-01
1.659587e-02 9.837304e-01
1.698244e-02 9.833577e-01
1.737801e-02 9.829766e-01
1.778279e-02 9.825869e-01
1.819701e-02 9.821885e-01
1.862087e-02 9.817811e-01
1.905461e-02 9.813646e-01
1.949845e-02 9.809388e-01
1.995262e-02 9.805034e-01
2.041738e-02 9.800583e-01
2.089296e-02 9.796032e-01
2.137962e-02 9.791380e-01
2.187762e-02 9.786623e-01
2.238721e-02 9.781761e-01
2.290868e-02 9.776790e-01
2.344229e-02 9.771709e-01
2.398833e-02 9.766515e-01
2.454709e-02 9.761206e-01
2.511886e-02 9.755779e-01
2.570396e-02 9.750231e-01
2.630268e-02 9.744561e-01
2.691535e-02 9.738766e-01
2.754229e-02 9.732842e-01
2.818383e-02 9.726789e-01
2.884032e-02 9.720601e-01
2.951209e-02 9.714278e-01
3.019952e-02 9.707816e-01
3.090295e-02 9.701212e-01
3.162278e-02 9.694464e-01
3.235937e-02 9.687568e-01
3.311311e-02 9.680522e-01
3.388442e-02 9.673322e-01
3.467369e-02 9.665965e-01
3.548134e-02 9.658448e-01
3.630781e-02 9.650768e-01
3.715352e-02 9.642922e-01
3.801894e-02 9.634906e-01
3.890451e-02 9.626717e-01
3.981072e-02 9.618352e-01
4.073803e-02 9.609807e-01
4.168694e-02 9.601078e-01
4.265795e-02 9.592162e-01
4.365158e-02 9.583055e-01
4.466836e-02 9.573754e-01
4.570882e-02 9.564256e-01
4.677351e-02 9.554555e-01
4.786301e-02 9.544648e-01
4.897788e-02 9.534532e-01
5.011872e-02 9.524203e-01
5.128614e-02 9.513655e-01
5.248075e-02 9.502886e-01
5.370318e-02 9.491892e-01
5.495409e-02 9.480667e-01
5.623413e-02 9.469208e-01
5.754399e-02 9.457511e-01
5.888437e-02 9.445571e-01
6.025596e-02 9.433383e-01
6.165950e-02 9.420944e-01
6.309573e-02 9.408249e-01
6.456542e-02 9.395294e-01
6.606934e-02 9.382073e-01
6.760830e-02 9.368582e-01
6.918310e-02 9.354817e-01
7.079458e-02 9.340772e-01
7.244360e-02 9.326444e-01
7.413102e-02 9.311826e-01
7.585776e-02 9.296915e-01
7.762471e-02 9.281706e-01
7.943282e-02 9.266193e-01
8.128305e-02 9.250372e-01
8.317638e-02 9.234239e-01
8.511380e-02 9.217787e-01
8.709636e-02 9.201013e-01
8.912509e-02 9.183910e-01
9.120108e-02 9.166475e-01
9.332543e-02 9.148701e-01
9.549926e-02 9.130584e-01
9.772372e-02 9.112118e-01
1.000000e-01 9.093298e-01
1.023293e-01 9.074120e-01
1.047129e-01 9.054577e-01
1.071519e-01 9.034665e-01
1.096478e-01 9.014379e-01
1.122018e-01 8.993713e-01
1.148154e-01 8.972662e-01
1.174898e-01 8.951222e-01
1.202264e-01 8.929388e-01
1.230269e-01 8.907154e-01
1.258925e-01 8.884516e-01
1.288250e-01 8.861469e-01
1.318257e-01 8.838007e-01
1.348963e-01 8.814126e-01
1.380384e-01 8.789821e-01
1.412538e-01 8.765087e-01
1.445440e-01 8.739919e-01
1.479108e-01 8.714312e-01
1.513561e-01 8.688263e-01
1.548817e-01 8.661765e-01
1.584893e-01 8.634816e-01
1.621810e-01 8.607411e-01
1.659587e-01 8.579547e-01
1.698244e-01 8.551218e-01
1.737801e-01 8.522423e-01
1.778279e-01 8.493157e-01
1.819701e-01 8.463418e-01
1.862087e-01 8.433201e-01
1.905461e-01 8.402503e-01
1.949845e-01 8.371321e-01
1.995262e-01 8.339651e-01
2.041738e-01 8.307491e-01
2.089296e-01 8.274838e-01
2.137962e-01 8.241688e-01
2.187762e-01 8.208041e-01
2.238721e-01 8.173893e-01
2.290868e-01 8.139244e-01
2.344229e-01 8.104090e-01
2.398833e-01 8.068430e-01
2.454709e-01 8.032263e-01
2.511886e-01 7.995588e-01
2.570396e-01 7.958405e-01
2.630268e-01 7.920711e-01
2.691535e-01 7.882508e-01
2.754229e-01 7.843794e-01
2.818383e-01 7.804571e-01
2.884032e-01 7.764838e-01
2.951209e-01 7.724597e-01
3.019952e-01 7.683848e-01
3.090295e-01 7.642593e-01
3.162278e-01 7.600833e-01
3.235937e-01 7.558571e-01
3.311311e-01 7.515809e-01
3.388442e-01 7.472548e-01
3.467369e-01 7.428793e-01
3.548134e-01 7.384546e-01
3.630781e-01 7.339812e-01
3.715352e-01 7.294593e-01
3.801894e-01 7.248895e-01
3.890451e-01 7.202721e-01
3.981072e-01 7.156077e-01
4.073803e-01 7.108969e-01
4.168694e-01 7.061401e-01
4.265795e-01 7.013380e-01
4.365158e-01 6.964913e-01
4.466836e-01 6.916006e-01
4.570882e-01 6.866665e-01
4.677351e-01 6.816900e-01
4.786301e-01 6.766717e-01
4.897788e-01 6.716125e-01
5.011872e-01 6.665131e-01
5.128614e-01 6.613746e-01
5.248075e-01 6.561979e-01
5.370318e-01 6.509838e-01
5.495409e-01 6.457335e-01
5.623413e-01 6.404478e-01
5.754399e-01 6.351280e-01
5.888437e-01 6.297749e-01
6.025596e-01 6.243899e-01
6.165950e-01 6.189740e-01
6.309573e-01 6.135284e-01
6.456542e-01 6.080543e-01
6.606934e-01 6.025530e-01
6.760830e-01 5.970257e-01
6.918310e-01 5.914738e-01
7.079458e-01 5.858984e-01
7.244360e-01 5.803011e-01
7.413102e-01 5.746831e-01
7.585776e-01 5.690458e-01
7.762471e-01 5.633906e-01
7.943282e-01 5.577189e-01
8.128305e-01 5.520322e-01
8.317638e-01 5.463320e-01
8.511380e-01 5.406196e-01
8.709636e-01 5.348966e-01
8.912509e-01 5.291645e-01
9.120108e-01 5.234247e-01
9.332543e-01 5.176787e-01
9.549926e-01 5.119282e-01
9.772372e-01 5.061746e-01
1.000000e+00 5.004194e-01
1.023293e+00 4.946642e-01
1.047129e+00 4.889104e-01
1.071519e+00 4.831596e-01
1.096478e+00 4.774133e-01
1.122018e+00 4.716731e-01
1.148154e+00 4.659404e-01
1.174898e+00 4.602167e-01
1.202264e+00 4.545036e-01
1.230269e+00 4.488025e-01
1.258925e+00 4.431148e-01
1.288250e+00 4.374421e-01
1.318257e+00 4.317858e-01
1.348963e+00 4.261472e-01
1.380384e+00 4.205278e-01
1.412538e+00 4.149289e-01
1.445440e+00 4.093520e-01
1.479108e+00 4.037984e-01
1.513561e+00 3.982694e-01
1.548817e+00 3.927662e-01
1.584893e+00 3.872901e-01
1.621810e+00 3.818425e-01
1.659587e+00 3.764244e-01
1.698244e+00 3.710371e-01
1.737801e+00 3.656817e-01
1.778279e+00 3.603594e-01
1.819701e+00 3.550711e-01
1.862087e+00 3.498181e-01
1.905461e+00 3.446013e-01
1.949845e+00 3.394217e-01
1.995262e+00 3.342803e-01
2.041738e+00 3.291779e-01
2.089296e+00 3.241156e-01
2.137962e+00 3.190940e-01
2.187762e+00 3.141142e-01
2.238721e+00 3.091768e-01
2.290868e+00 3.042825e-01
2.344229e+00 2.994322e-01
2.398833e+00 2.946264e-01
2.454709e+00 2.898659e-01
2.511886e+00 2.851512e-01
2.570396e+00 2.804829e-01
2.630268e+00 2.758616e-01
2.691535e+00 2.712876e-01
2.754229e+00 2.667616e-01
2.818383e+00 2.622839e-01
2.884032e+00 2.578550e-01
2.951209e+00 2.534751e-01
3.019952e+00 2.491446e-01
3.090295e+00 2.448638e-01
3.162278e+00 2.406330e-01
3.235937e+00 2.364524e-01
3.311311e+00 2.323222e-01
3.388442e+00 2.282426e-01
3.467369e+00 2.242137e-01
3.548134e+00 2.202355e-01
3.630781e+00 2.163083e-01
3.715352e+00 2.124320e-01
3.801894e+00 2.086066e-01
3.890451e+00 2.048322e-01
3.981072e+00 2.011088e-01
4.073803e+00 1.974361e-01
4.168694e+00 1.938143e-01
4.265795e+00 1.902431e-01
4.365158e+00 1.867224e-01
4.466836e+00 1.832522e-01
4.570882e+00 1.798321e-01
4.677351e+00 1.764621e-01
4.786301e+00 1.731418e-01
4.897788e+00 1.698711e-01
5.011872e+00 1.666497e-01
5.128614e+00 1.634774e-01
5.248075e+00 1.603538e-01
5.370318e+00 1.572786e-01
5.495409e+00 1.542515e-01
5.623413e+00 1.512722e-01
5.754399e+00 1.483404e-01
5.888437e+00 1.454555e-01
6.025596e+00 1.426174e-01
6.165950e+00 1.398255e-01
6.309573e+00 1.370796e-01
6.456542e+00 1.343791e-01
6.606934e+00 1.317236e-01
6.760830e+00 1.291128e-01
6.918310e+00 1.265461e-01
7.079458e+00 1.240232e-01
7.244360e+00 1.215436e-01
7.413102e+00 1.191067e-01
7.585776e+00 1.167122e-01
7.762471e+00 1.143595e-01
7.943282e+00 1.120482e-01
8.128305e+00 1.097779e-01
8.317638e+00 1.075479e-01
8.511380e+00 1.053578e-01
8.709636e+00 1.032071e-01
8.912509e+00 1.010954e-01
9.120108e+00 9.902203e-02
9.332543e+00 9.698660e-02
9.549926e+00 9.498855e-02
9.772372e+00 9.302740e-02
1.000000e+01 9.110264e-02
1.023293e+01 8.921375e-02
1.047129e+01 8.736024e-02
1.071519e+01 8.554159e-02
1.096478e+01 8.375730e-02
1.122018e+01 8.200686e-02
1.148154e+01 8.028977e-02
1.174898e+01 7.860554e-02
1.202264e+01 7.695369e-02
1.230269e+01 7.533371e-02
1.258925e+01 7.374513e-02
1.288250e+01 7.218742e-02
1.318257e+01 7.066012e-02
1.348963e+01 6.916273e-02
1.380384e+01 6.769476e-02
1.412538e+01 6.625574e-02
1.445440e+01 6.484518e-02
1.479108e+01 6.346262e-02
1.513561e+01 6.210758e-02
1.548817e+01 6.077960e-02
1.584893e+01 5.947822e-02
1.621810e+01 5.820297e-02
1.659587e+01 5.695342e-02
1.698244e+01 5.572911e-02
1.737801e+01 5.452959e-02
1.778279e+01 5.335445e-02
1.819701e+01 5.220322e-02
1.862087e+01 5.107551e-02
1.905461e+01 4.997087e-02
1.949845e+01 4.888889e-02
1.995262e+01 4.782916e-02
2.041738e+01 4.679128e-02
2.089296e+01 4.577483e-02
2.137962e+01 4.477943e-02
2.187762e+01 4.380468e-02
2.238721e+01 4.285021e-02
2.290868e+01 4.191561e-02
2.344229e+01 4.100053e-02
2.398833e+01 4.010460e-02
2.454709e+01 3.922744e-02
2.511886e+01 3.836870e-02
2.570396e+01 3.752803e-02
2.630268e+01 3.670508e-02
2.691535e+01 3.589950e-02
2.754229e+01 3.511096e-02
2.818383e+01 3.433912e-02
2.884032e+01 3.358366e-02
2.951209e+01 3.284426e-02
3.019952e+01 3.212059e-02
3.090295e+01 3.141236e-02
3.162278e+01 3.071925e-02
3.235937e+01 3.004095e-02
3.311311e+01 2.937718e-02
3.388442e+01 2.872765e-02
3.467369e+01 2.809206e-02
3.548134e+01 2.747013e-02
3.630781e+01 2.686160e-02
3.715352e+01 2.626618e-02
3.801894e+01 2.568361e-02
3.890451e+01 2.511363e-02
3.981072e+01 2.455598e-02
4.073803e+01 2.401041e-02
4.168694e+01 2.347667e-02
4.265795e+01 2.295452e-02
4.365158e+01 2.244371e-02
4.466836e+01 2.194402e-02
4.570882e+01 2.145521e-02
4.677351e+01 2.097705e-02
4.786301e+01 2.050933e-02
4.897788e+01 2.005182e-02
5.011872e+01 1.960431e-02
5.128614e+01 1.916660e-02
5.248075e+01 1.873847e-02
5.370318e+01 1.831973e-02
5.495409e+01 1.791017e-02
5.623413e+01 1.750961e-02
5.754399e+01 1.711785e-02
5.888437e+01 1.673471e-02
6.025596e+01 1.636000e-02
6.165950e+01 1.599354e-02
6.309573e+01 1.563517e-02
6.456542e+01 1.528470e-02
6.606934e+01 1.494196e-02
6.760830e+01 1.460680e-02
6.918310e+01 1.427904e-02
7.079458e+01 1.395854e-02
7.244360e+01 1.364513e-02
7.413102e+01 1.333867e-02
7.585776e+01 1.303899e-02
7.762471e+01 1.274596e-02
7.943282e+01 1.245944e-02
8.128305e+01 1.217927e-02
8.317638e+01 1.190533e-02
8.511380e+01 1.163748e-02
8.709636e+01 1.137559e-02
8.912509e+01 1.111952e-02
9.120108e+01 1.086915e-02
9.332543e+01 1.062436e-02
9.549926e+01 1.038503e-02
9.772372e+01 1.015103e-02
1.000000e+02 9.922255e-03
1.023293e+02 9.698582e-03
1.047129e+02 9.479904e-03
1.071519e+02 9.266110e-03
1.096478e+02 9.057094e-03
1.122018e+02 8.852751e-03
1.148154e+02 8.652978e-03
1.174898e+02 8.457674e-03
1.202264e+02 8.266742e-03
1.230269e+02 8.080085e-03
1.258925e+02 7.897609e-03
1.288250e+02 7.719223e-03
1.318257e+02 7.544835e-03
1.348963e+02 7.374357e-03
1.380384e+02 7.207703e-03
1.412538e+02 7.044789e-03
1.445440e+02 6.885533e-03
1.479108e+02 6.729851e-03
1.513561e+02 6.577667e-03
1.548817e+02 6.428901e-03
1.584893e+02 6.283479e-03
1.621810e+02 6.141326e-03
1.659587e+02 6.002370e-03
1.698244e+02 5.866539e-03
1.737801e+02 5.733764e-03
1.778279e+02 5.603978e-03
1.819701e+02 5.477113e-03
1.862087e+02 5.353105e-03
1.905461e+02 5.231889e-03
1.949845e+02 5.113405e-03
1.995262e+02 4.997590e-03
2.041738e+02 4.884385e-03
2.089296e+02 4.773733e-03
2.137962e+02 4.665575e-03
2.187762e+02 4.559857e-03
2.238721e+02 4.456523e-03
2.290868e+02 4.355521e-03
2.344229e+02 4.256799e-03
2.398833e+02 4.160304e-03
2.454709e+02 4.065989e-03
2.511886e+02 3.973802e-03
2.570396e+02 3.883698e-03
2.630268e+02 3.795629e-03
2.691535e+02 3.709550e-03
2.754229e+02 3.625416e-03
2.818383e+02 3.543183e-03
2.884032e+02 3.462809e-03
2.951209e+02 3.384252e-03
3.019952e+02 3.307471e-03
3.090295e+02 3.232427e-03
3.162278e+02 3.159080e-03
3.235937e+02 3.087392e-03
3.311311e+02 3.017326e-03
3.388442e+02 2.948845e-03
3.467369e+02 2.881914e-03
3.548134e+02 2.816498e-03
3.630781e+02 2.752563e-03
3.715352e+02 2.690075e-03
3.801894e+02 2.629002e-03
3.890451e+02 2.569312e-03
3.981072e+02 2.510974e-03
4.073803e+02 2.453957e-03
4.168694e+02 2.398232e-03
4.265795e+02 2.343769e-03
4.365158e+02 2.290541e-03
4.466836e+02 2.238518e-03
4.570882e+02 2.187674e-03
4.677351e+02 2.137983e-03
4.786301e+02 2.089418e-03
4.897788e+02 2.041954e-03
5.011872e+02 1.995566e-03
5.128614e+02 1.950230e-03
5.248075e+02 1.905922e-03
5.370318e+02 1.862618e-03
5.495409e+02 1.820297e-03
5.623413e+02 1.778935e-03
5.754399e+02 1.738512e-03
5.888437e+02 1.699006e-03
6.025596e+02 1.660396e-03
6.165950e+02 1.622662e-03
6.309573e+02 1.585784e-03
6.456542e+02 1.549743e-03
6.606934e+02 1.514520e-03
6.760830e+02 1.480096e-03
6.918310e+02 1.446454e-03
7.079458e+02 1.413575e-03
7.244360e+02 1.381442e-03
7.413102e+02 1.350039e-03
7.585776e+02 1.319349e-03
7.762471e+02 1.289355e-03
7.943282e+02 1.260043e-03
8.128305e+02 1.231396e-03
8.317638e+02 1.203400e-03
8.511380e+02 1.176039e-03
8.709636e+02 1.149300e-03
8.912509e+02 1.123168e-03
9.120108e+02 1.097630e-03
9.332543e+02 1.072671e-03
9.549926e+02 1.048280e-03
9.772372e+02 1.024443e-03
1.000000e+03 1.001147e-03
1.023293e+03 9.783801e-04
1.047129e+03 9.561306e-04
1.071519e+03 9.343868e-04
1.096478e+03 9.131369e-04
1.122018e+03 8.923699e-04
1.148154e+03 8.720747e-04
1.174898e+03 8.522408e-04
1.202264e+03 8.328575e-04
1.230269e+03 8.139148e-04
1.258925e+03 7.954025e-04
1.288250e+03 7.773110e-04
1.318257e+03 7.596306e-04
1.348963e+03 7.423521e-04
1.380384e+03 7.254664e-04
1.412538e+03 7.089644e-04
1.445440e+03 6.928376e-04
1.479108e+03 6.770773e-04
1.513561e+03 6.616753e-04
1.548817e+03 6.466235e-04
1.584893e+03 6.319138e-04
1.621810e+03 6.175386e-04
1.659587e+03 6.034901e-04
1.698244e+03 5.897611e-04
1.737801e+03 5.763442e-04
1.778279e+03 5.632324e-04
1.819701e+03 5.504187e-04
1.862087e+03 5.378964e-04
1.905461e+03 5.256588e-04
1.949845e+03 5.136995e-04
1.995262e+03 5.020121e-04
2.041738e+03 4.905905e-04
2.089296e+03 4.794286e-04
2.137962e+03 4.685206e-04
2.187762e+03 4.578607e-04
2.238721e+03 4.474431e-04
2.290868e+03 4.372625e-04
2.344229e+03 4.273135e-04
2.398833e+03 4.175907e-04
2.454709e+03 4.080890e-04
2.511886e+03 3.988035e-04
2.570396e+03 3.897291e-04
2.630268e+03 3.808612e-04
2.691535e+03 3.721949e-04
2.754229e+03 3.637258e-04
2.818383e+03 3.554493e-04
2.884032e+03 3.473611e-04
2.951209e+03 3.394569e-04
3.019952e+03 3.317325e-04
3.090295e+03 3.241838e-04
3.162278e+03 3.168068e-04
3.235937e+03 3.095976e-04
3.311311e+03 3.025524e-04
3.388442e+03 2.956675e-04
3.467369e+03 2.889393e-04
3.548134e+03 2.823641e-04
3.630781e+03 2.759384e-04
3.715352e+03 2.696590e-04
3.801894e+03 2.635224e-04
3.890451e+03 2.575255e-04
3.981072e+03 2.516649e-04
4.073803e+03 2.459378e-04
4.168694e+03 2.403409e-04
4.265795e+03 2.348713e-04
4.365158e+03 2.295262e-04
4.466836e+03 2.243027e-04
4.570882e+03 2.191981e-04
4.677351e+03 2.142096e-04
4.786301e+03 2.093346e-04
4.897788e+03 2.045706e-04
5.011872e+03 1.999149e-04
5.128614e+03 1.953652e-04
5.248075e+03 1.909190e-04
5.370318e+03 1.865739e-04
5.495409e+03 1.823277e-04
5.623413e+03 1.781782e-04
5.754399e+03 1.741231e-04
5.888437e+03 1.701602e-04
6.025596e+03 1.662875e-04
6.165950e+03 1.625030e-04
6.309573e+03 1.588046e-04
6.456542e+03 1.551903e-04
6.606934e+03 1.516583e-04
6.760830e+03 1.482066e-04
6.918310e+03 1.448335e-04
7.079458e+03 1.415372e-04
7.244360e+03 1.383158e-04
7.413102e+03 1.351678e-04
7.585776e+03 1.320914e-04
7.762471e+03 1.290850e-04
7.943282e+03 1.261471e-04
8.128305e+03 1.232760e-04
8.317638e+03 1.204702e-04
8.511380e+03 1.177283e-04
8.709636e+03 1.150488e-04
8.912509e+03 1.124302e-04
9.120108e+03 1.098713e-04
9.332543e+03 1.073706e-04
9.549926e+03 1.049268e-04
9.772372e+03 1.025386e-04
1.000000e+04 1.002048e-04
1.023293e+04 9.792405e-05
1.047129e+04 9.569524e-05
1.071519e+04 9.351715e-05
1.096478e+04 9.138863e-05
1.122018e+04 8.930856e-05
1.148154e+04 8.727583e-05
1.174898e+04 8.528935e-05
1.202264e+04 8.334809e-05
1.230269e+04 8.145101e-05
1.258925e+04 7.959711e-05
1.288250e+04 7.778540e-05
1.318257e+04 7.601492e-05
1.348963e+04 7.428474e-05
1.380384e+04 7.259393e-05
1.412538e+04 7.094161e-05
1.445440e+04 6.932689e-05
1.479108e+04 6.774893e-05
1.513561e+04 6.620688e-05
1.548817e+04 6.469992e-05
1.584893e+04 6.322726e-05
1.621810e+04 6.178812e-05
1.659587e+04 6.038174e-05
1.698244e+04 5.900736e-05
1.737801e+04 5.766427e-05
1.778279e+04 5.635174e-05
1.819701e+04 5.506909e-05
1.862087e+04 5.381563e-05
1.905461e+04 5.259071e-05
1.949845e+04 5.139366e-05
1.995262e+04 5.022385e-05
2.041738e+04 4.908067e-05
2.089296e+04 4.796352e-05
2.137962e+04 4.687178e-05
2.187762e+04 4.580490e-05
2.238721e+04 4.476230e-05
2.290868e+04 4.374343e-05
2.344229e+04 4.274775e-05
2.398833e+04 4.177473e-05
2.454709e+04 4.082386e-05
2.511886e+04 3.989464e-05
2.570396e+04 3.898656e-05
2.630268e+04 3.809915e-05
2.691535e+04 3.723194e-05
2.754229e+04 3.638447e-05
2.818383e+04 3.555629e-05
2.884032e+04 3.474695e-05
2.951209e+04 3.395604e-05
3.019952e+04 3.318313e-05
3.090295e+04 3.242782e-05
3.162278e+04 3.168969e-05
3.235937e+04 3.096837e-05
3.311311e+04 3.026347e-05
3.388442e+04 2.957461e-05
3.467369e+04 2.890143e-05
3.548134e+04 2.824357e-05
3.630781e+04 2.760068e-05
3.715352e+04 2.697243e-05
3.801894e+04 2.635848e-05
3.890451e+04 2.575850e-05
3.981072e+04 2.517218e-05
4.073803e+04 2.459921e-05
4.168694e+04 2.403928e-05
4.265795e+04 2.349209e-05
4.365158e+04 2.295735e-05
4.466836e+04 2.243479e-05
4.570882e+04 2.192413e-05
4.677351e+04 2.142508e-05
4.786301e+04 2.093740e-05
4.897788e+04 2.046081e-05
5.011872e+04 1.999508e-05
5.128614e+04 1.953994e-05
5.248075e+04 1.909517e-05
5.370318e+04 1.866052e-05
5.495409e+04 1.823576e-05
5.623413e+04 1.782067e-05
5.754399e+04 1.741503e-05
5.888437e+04 1.701862e-05
6.025596e+04 1.663124e-05
6.165950e+04 1.625267e-05
6.309573e+04 1.588272e-05
6.456542e+04 1.552119e-05
6.606934e+04 1.516789e-05
6.760830e+04 1.482263e-05
6.918310e+04 1.448523e-05
7.079458e+04 1.415551e-05
7.244360e+04 1.383330e-05
7.413102e+04 1.351842e-05
7.585776e+04 1.321071e-05
7.762471e+04 1.291000e-05
7.943282e+04 1.261613e-05
8.128305e+04 1.232896e-05
8.317638e+04 1.204832e-05
8.511380e+04 1.177407e-05
8.709636e+04 1.150606e-05
8.912509e+04 1.124416e-05
9.120108e+04 1.098821e-05
9.332543e+04 1.073809e-05
9.549926e+04 1.049367e-05
9.772372e+04 1.025480e-05
1.000000e+05 1.002138e-05
