# ell   Cl_LCDM
0 0.000000e+00
1 0.000000e+00
2 1.376557e-10
3 1.303666e-10
4 1.233668e-10
5 1.181488e-10
6 1.145922e-10
7 1.123370e-10
8 1.109873e-10
9 1.103592e-10
10 1.102577e-10
11 1.104956e-10
12 1.111711e-10
13 1.120273e-10
14 1.130419e-10
15 1.140734e-10
16 1.153616e-10
17 1.168861e-10
18 1.184924e-10
19 1.202825e-10
20 1.220393e-10
21 1.238566e-10
22 1.257382e-10
23 1.276321e-10
24 1.295815e-10
25 1.316041e-10
26 1.336341e-10
27 1.357265e-10
28 1.378582e-10
29 1.400185e-10
30 1.422333e-10
31 1.444213e-10
32 1.466908e-10
33 1.489713e-10
34 1.512603e-10
35 1.536350e-10
36 1.559733e-10
37 1.583464e-10
38 1.607693e-10
39 1.632288e-10
40 1.657137e-10
41 1.682123e-10
42 1.707249e-10
43 1.732533e-10
44 1.758043e-10
45 1.783865e-10
46 1.809955e-10
47 1.836289e-10
48 1.862833e-10
49 1.889568e-10
50 1.916571e-10
51 1.943920e-10
52 1.971545e-10
53 1.999348e-10
54 2.027304e-10
55 2.055406e-10
56 2.083805e-10
57 2.112637e-10
58 2.141844e-10
59 2.171309e-10
60 2.201005e-10
61 2.230940e-10
62 2.261124e-10
63 2.291581e-10
64 2.322316e-10
65 2.353365e-10
66 2.384778e-10
67 2.416529e-10
68 2.448567e-10
69 2.480832e-10
70 2.513283e-10
71 2.545891e-10
72 2.578808e-10
73 2.612188e-10
74 2.646043e-10
75 2.680377e-10
76 2.715131e-10
77 2.750134e-10
78 2.785366e-10
79 2.820884e-10
80 2.856715e-10
81 2.892891e-10
82 2.929429e-10
83 2.966297e-10
84 3.003497e-10
85 3.041016e-10
86 3.078852e-10
87 3.116962e-10
88 3.155319e-10
89 3.193936e-10
90 3.232817e-10
91 3.271976e-10
92 3.311411e-10
93 3.351145e-10
94 3.391167e-10
95 3.431498e-10
96 3.472128e-10
97 3.513057e-10
98 3.554296e-10
99 3.595816e-10
100 3.637636e-10
101 3.679747e-10
102 3.722149e-10
103 3.764823e-10
104 3.807769e-10
105 3.850978e-10
106 3.894440e-10
107 3.938144e-10
108 3.982073e-10
109 4.026235e-10
110 4.070612e-10
111 4.115193e-10
112 4.159979e-10
113 4.204957e-10
114 4.250117e-10
115 4.295448e-10
116 4.340949e-10
117 4.386610e-10
118 4.432408e-10
119 4.478344e-10
120 4.524406e-10
121 4.570583e-10
122 4.616855e-10
123 4.663220e-10
124 4.709667e-10
125 4.756176e-10
126 4.802746e-10
127 4.849355e-10
128 4.895993e-10
129 4.942658e-10
130 4.989330e-10
131 5.035989e-10
132 5.082644e-10
133 5.129267e-10
134 5.175859e-10
135 5.222400e-10
136 5.268892e-10
137 5.315316e-10
138 5.361662e-10
139 5.407911e-10
140 5.454075e-10
141 5.500125e-10
142 5.546051e-10
143 5.591854e-10
144 5.637505e-10
145 5.683006e-10
146 5.728316e-10
147 5.773428e-10
148 5.818322e-10
149 5.862980e-10
150 5.907381e-10
151 5.951497e-10
152 5.995337e-10
153 6.038882e-10
154 6.082129e-10
155 6.125068e-10
156 6.167710e-10
157 6.210023e-10
158 6.252016e-10
159 6.293669e-10
160 6.334971e-10
161 6.375892e-10
162 6.416421e-10
163 6.456547e-10
164 6.496240e-10
165 6.535500e-10
166 6.574304e-10
167 6.612644e-10
168 6.650508e-10
169 6.687886e-10
170 6.724767e-10
171 6.761131e-10
172 6.796987e-10
173 6.832304e-10
174 6.867072e-10
175 6.901290e-10
176 6.934939e-10
177 6.968007e-10
178 7.000477e-10
179 7.032348e-10
180 7.063610e-10
181 7.094245e-10
182 7.124253e-10
183 7.153625e-10
184 7.182340e-10
185 7.210400e-10
186 7.237785e-10
187 7.264496e-10
188 7.290523e-10
189 7.315846e-10
190 7.340467e-10
191 7.364376e-10
192 7.387553e-10
193 7.409989e-10
194 7.431694e-10
195 7.452649e-10
196 7.472855e-10
197 7.492312e-10
198 7.511020e-10
199 7.528951e-10
200 7.546124e-10
201 7.562521e-10
202 7.578131e-10
203 7.592924e-10
204 7.606910e-10
205 7.620049e-10
206 7.632352e-10
207 7.643798e-10
208 7.654378e-10
209 7.664131e-10
210 7.673037e-10
211 7.681107e-10
212 7.688360e-10
213 7.694796e-10
214 7.700426e-10
215 7.705249e-10
216 7.709245e-10
217 7.712415e-10
218 7.714759e-10
219 7.716266e-10
220 7.716926e-10
221 7.716750e-10
222 7.715717e-10
223 7.713838e-10
224 7.711123e-10
225 7.707571e-10
226 7.703172e-10
227 7.697937e-10
228 7.691866e-10
229 7.684968e-10
230 7.677234e-10
231 7.668674e-10
232 7.659298e-10
233 7.649095e-10
234 7.638066e-10
235 7.626231e-10
236 7.613569e-10
237 7.600112e-10
238 7.585848e-10
239 7.570789e-10
240 7.554933e-10
241 7.538282e-10
242 7.520854e-10
243 7.502651e-10
244 7.483671e-10
245 7.463936e-10
246 7.443455e-10
247 7.422219e-10
248 7.400256e-10
249 7.377558e-10
250 7.354144e-10
251 7.330005e-10
252 7.305150e-10
253 7.279579e-10
254 7.253314e-10
255 7.226333e-10
256 7.198658e-10
257 7.170298e-10
258 7.141273e-10
259 7.111594e-10
260 7.081290e-10
261 7.050362e-10
262 7.018840e-10
263 6.986734e-10
264 6.954055e-10
265 6.920801e-10
266 6.886984e-10
267 6.852623e-10
268 6.817719e-10
269 6.782271e-10
270 6.746290e-10
271 6.709806e-10
272 6.672808e-10
273 6.635338e-10
274 6.597384e-10
275 6.558967e-10
276 6.520117e-10
277 6.480834e-10
278 6.441129e-10
279 6.401020e-10
280 6.360529e-10
281 6.319654e-10
282 6.278417e-10
283 6.236837e-10
284 6.194914e-10
285 6.152668e-10
286 6.110110e-10
287 6.067268e-10
288 6.024144e-10
289 5.980747e-10
290 5.937107e-10
291 5.893234e-10
292 5.849128e-10
293 5.804810e-10
294 5.760298e-10
295 5.715594e-10
296 5.670716e-10
297 5.625666e-10
298 5.580472e-10
299 5.535146e-10
300 5.489697e-10
301 5.444144e-10
302 5.398508e-10
303 5.352799e-10
304 5.307036e-10
305 5.261240e-10
306 5.215411e-10
307 5.169577e-10
308 5.123750e-10
309 5.077938e-10
310 5.032143e-10
311 4.986403e-10
312 4.940709e-10
313 4.895091e-10
314 4.849558e-10
315 4.804110e-10
316 4.758777e-10
317 4.713569e-10
318 4.668506e-10
319 4.623588e-10
320 4.578824e-10
321 4.534255e-10
322 4.489860e-10
323 4.445679e-10
324 4.401702e-10
325 4.357959e-10
326 4.314449e-10
327 4.271193e-10
328 4.228200e-10
329 4.185480e-10
330 4.143054e-10
331 4.100919e-10
332 4.059098e-10
333 4.017589e-10
334 3.976412e-10
335 3.935586e-10
336 3.895113e-10
337 3.855001e-10
338 3.815260e-10
339 3.775911e-10
340 3.736962e-10
341 3.698414e-10
342 3.660277e-10
343 3.622559e-10
344 3.585262e-10
345 3.548394e-10
346 3.511966e-10
347 3.475976e-10
348 3.440436e-10
349 3.405365e-10
350 3.370762e-10
351 3.336648e-10
352 3.303031e-10
353 3.269913e-10
354 3.237302e-10
355 3.205218e-10
356 3.173652e-10
357 3.142613e-10
358 3.112111e-10
359 3.082145e-10
360 3.052716e-10
361 3.023833e-10
362 2.995496e-10
363 2.967724e-10
364 2.940499e-10
365 2.913849e-10
366 2.887764e-10
367 2.862255e-10
368 2.837320e-10
369 2.812961e-10
370 2.789196e-10
371 2.766005e-10
372 2.743409e-10
373 2.721397e-10
374 2.699979e-10
375 2.679145e-10
376 2.658905e-10
377 2.639268e-10
378 2.620215e-10
379 2.601766e-10
380 2.583919e-10
381 2.566666e-10
382 2.550016e-10
383 2.533969e-10
384 2.518515e-10
385 2.503654e-10
386 2.489395e-10
387 2.475739e-10
388 2.462665e-10
389 2.450184e-10
390 2.438295e-10
391 2.426999e-10
392 2.416275e-10
393 2.406142e-10
394 2.396582e-10
395 2.387594e-10
396 2.379177e-10
397 2.371323e-10
398 2.364040e-10
399 2.357319e-10
400 2.351159e-10
401 2.345562e-10
402 2.340515e-10
403 2.336020e-10
404 2.332077e-10
405 2.328664e-10
406 2.325783e-10
407 2.323433e-10
408 2.321604e-10
409 2.320277e-10
410 2.319470e-10
411 2.319144e-10
412 2.319319e-10
413 2.319984e-10
414 2.321131e-10
415 2.322738e-10
416 2.324826e-10
417 2.327365e-10
418 2.330364e-10
419 2.333804e-10
420 2.337695e-10
421 2.342016e-10
422 2.346758e-10
423 2.351930e-10
424 2.357513e-10
425 2.363497e-10
426 2.369881e-10
427 2.376636e-10
428 2.383782e-10
429 2.391278e-10
430 2.399125e-10
431 2.407323e-10
432 2.415852e-10
433 2.424722e-10
434 2.433903e-10
435 2.443405e-10
436 2.453218e-10
437 2.463332e-10
438 2.473738e-10
439 2.484435e-10
440 2.495404e-10
441 2.506635e-10
442 2.518107e-10
443 2.529822e-10
444 2.541759e-10
445 2.553908e-10
446 2.566259e-10
447 2.578803e-10
448 2.591550e-10
449 2.604479e-10
450 2.617582e-10
451 2.630858e-10
452 2.644308e-10
453 2.657901e-10
454 2.671638e-10
455 2.685499e-10
456 2.699474e-10
457 2.713554e-10
458 2.727718e-10
459 2.741947e-10
460 2.756261e-10
461 2.770621e-10
462 2.785056e-10
463 2.799527e-10
464 2.814064e-10
465 2.828626e-10
466 2.843236e-10
467 2.857871e-10
468 2.872514e-10
469 2.887163e-10
470 2.901800e-10
471 2.916404e-10
472 2.930976e-10
473 2.945496e-10
474 2.959963e-10
475 2.974369e-10
476 2.988714e-10
477 3.002977e-10
478 3.017169e-10
479 3.031290e-10
480 3.045310e-10
481 3.059250e-10
482 3.073070e-10
483 3.086780e-10
484 3.100359e-10
485 3.113790e-10
486 3.127080e-10
487 3.140212e-10
488 3.153174e-10
489 3.165977e-10
490 3.178602e-10
491 3.191049e-10
492 3.203317e-10
493 3.215407e-10
494 3.227310e-10
495 3.239015e-10
496 3.250522e-10
497 3.261812e-10
498 3.272886e-10
499 3.283732e-10
500 3.294342e-10
501 3.304706e-10
502 3.314823e-10
503 3.324685e-10
504 3.334291e-10
505 3.343652e-10
506 3.352747e-10
507 3.361588e-10
508 3.370163e-10
509 3.378465e-10
510 3.386512e-10
511 3.394274e-10
512 3.401774e-10
513 3.408989e-10
514 3.415921e-10
515 3.422570e-10
516 3.428936e-10
517 3.435009e-10
518 3.440780e-10
519 3.446258e-10
520 3.451424e-10
521 3.456289e-10
522 3.460841e-10
523 3.465072e-10
524 3.469002e-10
525 3.472610e-10
526 3.475918e-10
527 3.478915e-10
528 3.481601e-10
529 3.483976e-10
530 3.486051e-10
531 3.487806e-10
532 3.489261e-10
533 3.490406e-10
534 3.491231e-10
535 3.491757e-10
536 3.491963e-10
537 3.491869e-10
538 3.491466e-10
539 3.490764e-10
540 3.489742e-10
541 3.488431e-10
542 3.486821e-10
543 3.484902e-10
544 3.482694e-10
545 3.480197e-10
546 3.477402e-10
547 3.474317e-10
548 3.470943e-10
549 3.467280e-10
550 3.463329e-10
551 3.459109e-10
552 3.454599e-10
553 3.449821e-10
554 3.444784e-10
555 3.439478e-10
556 3.433903e-10
557 3.428089e-10
558 3.422015e-10
559 3.415693e-10
560 3.409121e-10
561 3.402320e-10
562 3.395270e-10
563 3.387990e-10
564 3.380491e-10
565 3.372752e-10
566 3.364794e-10
567 3.356626e-10
568 3.348238e-10
569 3.339640e-10
570 3.330831e-10
571 3.321823e-10
572 3.312625e-10
573 3.303236e-10
574 3.293657e-10
575 3.283917e-10
576 3.273996e-10
577 3.263925e-10
578 3.253692e-10
579 3.243309e-10
580 3.232784e-10
581 3.222128e-10
582 3.211340e-10
583 3.200421e-10
584 3.189390e-10
585 3.178247e-10
586 3.166992e-10
587 3.155634e-10
588 3.144194e-10
589 3.132652e-10
590 3.121036e-10
591 3.109348e-10
592 3.097587e-10
593 3.085762e-10
594 3.073873e-10
595 3.061941e-10
596 3.049965e-10
597 3.037945e-10
598 3.025891e-10
599 3.013812e-10
600 3.001708e-10
601 2.989599e-10
602 2.977465e-10
603 2.965345e-10
604 2.953220e-10
605 2.941098e-10
606 2.929000e-10
607 2.916916e-10
608 2.904865e-10
609 2.892856e-10
610 2.880870e-10
611 2.868946e-10
612 2.857064e-10
613 2.845234e-10
614 2.833485e-10
615 2.821787e-10
616 2.810180e-10
617 2.798654e-10
618 2.787217e-10
619 2.775870e-10
620 2.764623e-10
621 2.753494e-10
622 2.742475e-10
623 2.731564e-10
624 2.720781e-10
625 2.710126e-10
626 2.699609e-10
627 2.689219e-10
628 2.678985e-10
629 2.668888e-10
630 2.658948e-10
631 2.649163e-10
632 2.639535e-10
633 2.630081e-10
634 2.620792e-10
635 2.611678e-10
636 2.602749e-10
637 2.594004e-10
638 2.585442e-10
639 2.577074e-10
640 2.568899e-10
641 2.560928e-10
642 2.553148e-10
643 2.545592e-10
644 2.538227e-10
645 2.531085e-10
646 2.524164e-10
647 2.517454e-10
648 2.510965e-10
649 2.504698e-10
650 2.498671e-10
651 2.492864e-10
652 2.487288e-10
653 2.481951e-10
654 2.476854e-10
655 2.472007e-10
656 2.467389e-10
657 2.463021e-10
658 2.458901e-10
659 2.455030e-10
660 2.451407e-10
661 2.448033e-10
662 2.444917e-10
663 2.442049e-10
664 2.439439e-10
665 2.437087e-10
666 2.434982e-10
667 2.433135e-10
668 2.431554e-10
669 2.430221e-10
670 2.429155e-10
671 2.428345e-10
672 2.427793e-10
673 2.427496e-10
674 2.427456e-10
675 2.427683e-10
676 2.428165e-10
677 2.428904e-10
678 2.429888e-10
679 2.431138e-10
680 2.432644e-10
681 2.434396e-10
682 2.436393e-10
683 2.438646e-10
684 2.441154e-10
685 2.443897e-10
686 2.446886e-10
687 2.450119e-10
688 2.453598e-10
689 2.457322e-10
690 2.461281e-10
691 2.465475e-10
692 2.469904e-10
693 2.474567e-10
694 2.479456e-10
695 2.484580e-10
696 2.489908e-10
697 2.495472e-10
698 2.501240e-10
699 2.507233e-10
700 2.513432e-10
701 2.519835e-10
702 2.526434e-10
703 2.533237e-10
704 2.540246e-10
705 2.547431e-10
706 2.554820e-10
707 2.562385e-10
708 2.570126e-10
709 2.578053e-10
710 2.586145e-10
711 2.594404e-10
712 2.602839e-10
713 2.611420e-10
714 2.620157e-10
715 2.629051e-10
716 2.638082e-10
717 2.647250e-10
718 2.656555e-10
719 2.665988e-10
720 2.675548e-10
721 2.685226e-10
722 2.695022e-10
723 2.704937e-10
724 2.714960e-10
725 2.725091e-10
726 2.735322e-10
727 2.745652e-10
728 2.756082e-10
729 2.766581e-10
730 2.777170e-10
731 2.787840e-10
732 2.798571e-10
733 2.809372e-10
734 2.820234e-10
735 2.831138e-10
736 2.842104e-10
737 2.853102e-10
738 2.864142e-10
739 2.875215e-10
740 2.886311e-10
741 2.897421e-10
742 2.908544e-10
743 2.919681e-10
744 2.930812e-10
745 2.941938e-10
746 2.953049e-10
747 2.964145e-10
748 2.975216e-10
749 2.986264e-10
750 2.997277e-10
751 3.008248e-10
752 3.019165e-10
753 3.030039e-10
754 3.040861e-10
755 3.051621e-10
756 3.062309e-10
757 3.072946e-10
758 3.083511e-10
759 3.094006e-10
760 3.104420e-10
761 3.114753e-10
762 3.124997e-10
763 3.135152e-10
764 3.145197e-10
765 3.155134e-10
766 3.164962e-10
767 3.174662e-10
768 3.184244e-10
769 3.193678e-10
770 3.202986e-10
771 3.212147e-10
772 3.221151e-10
773 3.230009e-10
774 3.238702e-10
775 3.247229e-10
776 3.255601e-10
777 3.263808e-10
778 3.271851e-10
779 3.279730e-10
780 3.287435e-10
781 3.294977e-10
782 3.302336e-10
783 3.309523e-10
784 3.316517e-10
785 3.323319e-10
786 3.329910e-10
787 3.336299e-10
788 3.342478e-10
789 3.348426e-10
790 3.354164e-10
791 3.359672e-10
792 3.364960e-10
793 3.370019e-10
794 3.374850e-10
795 3.379441e-10
796 3.383805e-10
797 3.387940e-10
798 3.391838e-10
799 3.395509e-10
800 3.398942e-10
801 3.402138e-10
802 3.405109e-10
803 3.407833e-10
804 3.410321e-10
805 3.412553e-10
806 3.414521e-10
807 3.416223e-10
808 3.417661e-10
809 3.418824e-10
810 3.419713e-10
811 3.420328e-10
812 3.420689e-10
813 3.420787e-10
814 3.420632e-10
815 3.420233e-10
816 3.419592e-10
817 3.418698e-10
818 3.417552e-10
819 3.416144e-10
820 3.414463e-10
821 3.412501e-10
822 3.410257e-10
823 3.407721e-10
824 3.404904e-10
825 3.401816e-10
826 3.398456e-10
827 3.394836e-10
828 3.390954e-10
829 3.386832e-10
830 3.382468e-10
831 3.377865e-10
832 3.373010e-10
833 3.367895e-10
834 3.362530e-10
835 3.356894e-10
836 3.350978e-10
837 3.344791e-10
838 3.338344e-10
839 3.331617e-10
840 3.324650e-10
841 3.317432e-10
842 3.309974e-10
843 3.302276e-10
844 3.294368e-10
845 3.286219e-10
846 3.277850e-10
847 3.269241e-10
848 3.260401e-10
849 3.251321e-10
850 3.241991e-10
851 3.232430e-10
852 3.222628e-10
853 3.212596e-10
854 3.202333e-10
855 3.191869e-10
856 3.181184e-10
857 3.170308e-10
858 3.159240e-10
859 3.147981e-10
860 3.136531e-10
861 3.124899e-10
862 3.113075e-10
863 3.101078e-10
864 3.088900e-10
865 3.076539e-10
866 3.064016e-10
867 3.051310e-10
868 3.038431e-10
869 3.025389e-10
870 3.012173e-10
871 2.998794e-10
872 2.985261e-10
873 2.971564e-10
874 2.957723e-10
875 2.943737e-10
876 2.929616e-10
877 2.915360e-10
878 2.900999e-10
879 2.886513e-10
880 2.871920e-10
881 2.857211e-10
882 2.842406e-10
883 2.827494e-10
884 2.812475e-10
885 2.797358e-10
886 2.782144e-10
887 2.766831e-10
888 2.751441e-10
889 2.735951e-10
890 2.720393e-10
891 2.704755e-10
892 2.689047e-10
893 2.673269e-10
894 2.657440e-10
895 2.641541e-10
896 2.625600e-10
897 2.609608e-10
898 2.593573e-10
899 2.577506e-10
900 2.561407e-10
901 2.545274e-10
902 2.529127e-10
903 2.512966e-10
904 2.496791e-10
905 2.480612e-10
906 2.464426e-10
907 2.448256e-10
908 2.432089e-10
909 2.415936e-10
910 2.399796e-10
911 2.383679e-10
912 2.367594e-10
913 2.351542e-10
914 2.335521e-10
915 2.319530e-10
916 2.303591e-10
917 2.287692e-10
918 2.271833e-10
919 2.256034e-10
920 2.240294e-10
921 2.224602e-10
922 2.208979e-10
923 2.193434e-10
924 2.177946e-10
925 2.162545e-10
926 2.147222e-10
927 2.131984e-10
928 2.116843e-10
929 2.101797e-10
930 2.086847e-10
931 2.071991e-10
932 2.057250e-10
933 2.042613e-10
934 2.028090e-10
935 2.013680e-10
936 1.999383e-10
937 1.985209e-10
938 1.971157e-10
939 1.957237e-10
940 1.943438e-10
941 1.929781e-10
942 1.916255e-10
943 1.902869e-10
944 1.889624e-10
945 1.876528e-10
946 1.863572e-10
947 1.850776e-10
948 1.838128e-10
949 1.825629e-10
950 1.813298e-10
951 1.801125e-10
952 1.789110e-10
953 1.777262e-10
954 1.765571e-10
955 1.754057e-10
956 1.742710e-10
957 1.731538e-10
958 1.720533e-10
959 1.709703e-10
960 1.699058e-10
961 1.688588e-10
962 1.678303e-10
963 1.668203e-10
964 1.658287e-10
965 1.648554e-10
966 1.639005e-10
967 1.629650e-10
968 1.620478e-10
969 1.611499e-10
970 1.602713e-10
971 1.594110e-10
972 1.585699e-10
973 1.577480e-10
974 1.569463e-10
975 1.561628e-10
976 1.553984e-10
977 1.546542e-10
978 1.539292e-10
979 1.532232e-10
980 1.525374e-10
981 1.518706e-10
982 1.512229e-10
983 1.505943e-10
984 1.499858e-10
985 1.493963e-10
986 1.488258e-10
987 1.482754e-10
988 1.477440e-10
989 1.472316e-10
990 1.467382e-10
991 1.462639e-10
992 1.458095e-10
993 1.453731e-10
994 1.449568e-10
995 1.445584e-10
996 1.441791e-10
997 1.438187e-10
998 1.434774e-10
999 1.431541e-10
1000 1.428497e-10
1001 1.425624e-10
1002 1.422941e-10
1003 1.420429e-10
1004 1.418097e-10
1005 1.415925e-10
1006 1.413934e-10
1007 1.412104e-10
1008 1.410445e-10
1009 1.408956e-10
1010 1.407619e-10
1011 1.406453e-10
1012 1.405438e-10
1013 1.404575e-10
1014 1.403884e-10
1015 1.403335e-10
1016 1.402947e-10
1017 1.402722e-10
1018 1.402640e-10
1019 1.402710e-10
1020 1.402933e-10
1021 1.403299e-10
1022 1.403808e-10
1023 1.404441e-10
1024 1.405218e-10
1025 1.406108e-10
1026 1.407133e-10
1027 1.408272e-10
1028 1.409526e-10
1029 1.410915e-10
1030 1.412409e-10
1031 1.414028e-10
1032 1.415754e-10
1033 1.417605e-10
1034 1.419562e-10
1035 1.421637e-10
1036 1.423808e-10
1037 1.426066e-10
1038 1.428431e-10
1039 1.430885e-10
1040 1.433416e-10
1041 1.436036e-10
1042 1.438735e-10
1043 1.441502e-10
1044 1.444359e-10
1045 1.447285e-10
1046 1.450282e-10
1047 1.453349e-10
1048 1.456486e-10
1049 1.459685e-10
1050 1.462945e-10
1051 1.466256e-10
1052 1.469620e-10
1053 1.473036e-10
1054 1.476505e-10
1055 1.480007e-10
1056 1.483552e-10
1057 1.487131e-10
1058 1.490745e-10
1059 1.494383e-10
1060 1.498056e-10
1061 1.501755e-10
1062 1.505479e-10
1063 1.509220e-10
1064 1.512977e-10
1065 1.516741e-10
1066 1.520522e-10
1067 1.524301e-10
1068 1.528098e-10
1069 1.531883e-10
1070 1.535678e-10
1071 1.539461e-10
1072 1.543244e-10
1073 1.547008e-10
1074 1.550761e-10
1075 1.554496e-10
1076 1.558221e-10
1077 1.561919e-10
1078 1.565598e-10
1079 1.569239e-10
1080 1.572863e-10
1081 1.576451e-10
1082 1.580002e-10
1083 1.583516e-10
1084 1.586995e-10
1085 1.590428e-10
1086 1.593817e-10
1087 1.597161e-10
1088 1.600450e-10
1089 1.603685e-10
1090 1.606867e-10
1091 1.609996e-10
1092 1.613061e-10
1093 1.616064e-10
1094 1.619005e-10
1095 1.621884e-10
1096 1.624691e-10
1097 1.627436e-10
1098 1.630111e-10
1099 1.632705e-10
1100 1.635239e-10
1101 1.637683e-10
1102 1.640056e-10
1103 1.642341e-10
1104 1.644556e-10
1105 1.646682e-10
1106 1.648719e-10
1107 1.650678e-10
1108 1.652539e-10
1109 1.654322e-10
1110 1.656007e-10
1111 1.657605e-10
1112 1.659106e-10
1113 1.660520e-10
1114 1.661837e-10
1115 1.663058e-10
1116 1.664182e-10
1117 1.665210e-10
1118 1.666143e-10
1119 1.666970e-10
1120 1.667691e-10
1121 1.668317e-10
1122 1.668838e-10
1123 1.669254e-10
1124 1.669576e-10
1125 1.669782e-10
1126 1.669874e-10
1127 1.669872e-10
1128 1.669766e-10
1129 1.669546e-10
1130 1.669231e-10
1131 1.668803e-10
1132 1.668272e-10
1133 1.667636e-10
1134 1.666887e-10
1135 1.666035e-10
1136 1.665080e-10
1137 1.664011e-10
1138 1.662839e-10
1139 1.661564e-10
1140 1.660166e-10
1141 1.658675e-10
1142 1.657071e-10
1143 1.655364e-10
1144 1.653544e-10
1145 1.651622e-10
1146 1.649596e-10
1147 1.647468e-10
1148 1.645227e-10
1149 1.642883e-10
1150 1.640436e-10
1151 1.637886e-10
1152 1.635234e-10
1153 1.632488e-10
1154 1.629629e-10
1155 1.626678e-10
1156 1.623623e-10
1157 1.620474e-10
1158 1.617233e-10
1159 1.613898e-10
1160 1.610469e-10
1161 1.606947e-10
1162 1.603341e-10
1163 1.599641e-10
1164 1.595857e-10
1165 1.591989e-10
1166 1.588026e-10
1167 1.583979e-10
1168 1.579848e-10
1169 1.575641e-10
1170 1.571350e-10
1171 1.566983e-10
1172 1.562541e-10
1173 1.558023e-10
1174 1.553430e-10
1175 1.548761e-10
1176 1.544025e-10
1177 1.539223e-10
1178 1.534344e-10
1179 1.529409e-10
1180 1.524406e-10
1181 1.519336e-10
1182 1.514208e-10
1183 1.509022e-10
1184 1.503779e-10
1185 1.498477e-10
1186 1.493116e-10
1187 1.487706e-10
1188 1.482247e-10
1189 1.476738e-10
1190 1.471170e-10
1191 1.465572e-10
1192 1.459923e-10
1193 1.454234e-10
1194 1.448513e-10
1195 1.442752e-10
1196 1.436948e-10
1197 1.431113e-10
1198 1.425256e-10
1199 1.419366e-10
1200 1.413444e-10
1201 1.407498e-10
1202 1.401529e-10
1203 1.395536e-10
1204 1.389529e-10
1205 1.383497e-10
1206 1.377451e-10
1207 1.371390e-10
1208 1.365323e-10
1209 1.359251e-10
1210 1.353163e-10
1211 1.347068e-10
1212 1.340976e-10
1213 1.334878e-10
1214 1.328782e-10
1215 1.322698e-10
1216 1.316606e-10
1217 1.310526e-10
1218 1.304457e-10
1219 1.298399e-10
1220 1.292341e-10
1221 1.286314e-10
1222 1.280286e-10
1223 1.274288e-10
1224 1.268300e-10
1225 1.262340e-10
1226 1.256399e-10
1227 1.250486e-10
1228 1.244601e-10
1229 1.238753e-10
1230 1.232933e-10
1231 1.227139e-10
1232 1.221382e-10
1233 1.215671e-10
1234 1.209986e-10
1235 1.204347e-10
1236 1.198743e-10
1237 1.193183e-10
1238 1.187669e-10
1239 1.182198e-10
1240 1.176772e-10
1241 1.171399e-10
1242 1.166079e-10
1243 1.160803e-10
1244 1.155579e-10
1245 1.150407e-10
1246 1.145298e-10
1247 1.140240e-10
1248 1.135244e-10
1249 1.130299e-10
1250 1.125425e-10
1251 1.120602e-10
1252 1.115839e-10
1253 1.111146e-10
1254 1.106513e-10
1255 1.101950e-10
1256 1.097456e-10
1257 1.093031e-10
1258 1.088675e-10
1259 1.084378e-10
1260 1.080168e-10
1261 1.076017e-10
1262 1.071944e-10
1263 1.067949e-10
1264 1.064021e-10
1265 1.060170e-10
1266 1.056386e-10
1267 1.052690e-10
1268 1.049069e-10
1269 1.045526e-10
1270 1.042059e-10
1271 1.038668e-10
1272 1.035362e-10
1273 1.032133e-10
1274 1.028979e-10
1275 1.025909e-10
1276 1.022920e-10
1277 1.020013e-10
1278 1.017187e-10
1279 1.014442e-10
1280 1.011779e-10
1281 1.009198e-10
1282 1.006699e-10
1283 1.004281e-10
1284 1.001945e-10
1285 9.996920e-11
1286 9.975201e-11
1287 9.954306e-11
1288 9.934225e-11
1289 9.914958e-11
1290 9.896523e-11
1291 9.878901e-11
1292 9.862091e-11
1293 9.846093e-11
1294 9.830918e-11
1295 9.816534e-11
1296 9.802963e-11
1297 9.790183e-11
1298 9.778206e-11
1299 9.767011e-11
1300 9.756598e-11
1301 9.746969e-11
1302 9.738112e-11
1303 9.730020e-11
1304 9.722682e-11
1305 9.716119e-11
1306 9.710291e-11
1307 9.705210e-11
1308 9.700867e-11
1309 9.697251e-11
1310 9.694344e-11
1311 9.692157e-11
1312 9.690671e-11
1313 9.689878e-11
1314 9.689767e-11
1315 9.690331e-11
1316 9.691560e-11
1317 9.693447e-11
1318 9.695982e-11
1319 9.699157e-11
1320 9.702953e-11
1321 9.707372e-11
1322 9.712405e-11
1323 9.718025e-11
1324 9.724233e-11
1325 9.731011e-11
1326 9.738350e-11
1327 9.746242e-11
1328 9.754671e-11
1329 9.763616e-11
1330 9.773081e-11
1331 9.783048e-11
1332 9.793488e-11
1333 9.804415e-11
1334 9.815800e-11
1335 9.827625e-11
1336 9.839894e-11
1337 9.852578e-11
1338 9.865679e-11
1339 9.879172e-11
1340 9.893037e-11
1341 9.907277e-11
1342 9.921866e-11
1343 9.936795e-11
1344 9.952039e-11
1345 9.967598e-11
1346 9.983446e-11
1347 9.999577e-11
1348 1.001596e-10
1349 1.003260e-10
1350 1.004948e-10
1351 1.006658e-10
1352 1.008388e-10
1353 1.010140e-10
1354 1.011903e-10
1355 1.013690e-10
1356 1.015492e-10
1357 1.017309e-10
1358 1.019142e-10
1359 1.020980e-10
1360 1.022825e-10
1361 1.024676e-10
1362 1.026543e-10
1363 1.028408e-10
1364 1.030280e-10
1365 1.032160e-10
1366 1.034028e-10
1367 1.035905e-10
1368 1.037780e-10
1369 1.039643e-10
1370 1.041517e-10
1371 1.043370e-10
1372 1.045222e-10
1373 1.047065e-10
1374 1.048899e-10
1375 1.050713e-10
1376 1.052519e-10
1377 1.054316e-10
1378 1.056095e-10
1379 1.057856e-10
1380 1.059590e-10
1381 1.061316e-10
1382 1.063015e-10
1383 1.064688e-10
1384 1.066334e-10
1385 1.067964e-10
1386 1.069569e-10
1387 1.071138e-10
1388 1.072681e-10
1389 1.074190e-10
1390 1.075675e-10
1391 1.077124e-10
1392 1.078540e-10
1393 1.079933e-10
1394 1.081281e-10
1395 1.082587e-10
1396 1.083859e-10
1397 1.085099e-10
1398 1.086287e-10
1399 1.087442e-10
1400 1.088545e-10
1401 1.089617e-10
1402 1.090638e-10
1403 1.091617e-10
1404 1.092555e-10
1405 1.093443e-10
1406 1.094281e-10
1407 1.095068e-10
1408 1.095815e-10
1409 1.096503e-10
1410 1.097151e-10
1411 1.097740e-10
1412 1.098279e-10
1413 1.098760e-10
1414 1.099193e-10
1415 1.099566e-10
1416 1.099892e-10
1417 1.100160e-10
1418 1.100379e-10
1419 1.100541e-10
1420 1.100646e-10
1421 1.100693e-10
1422 1.100683e-10
1423 1.100626e-10
1424 1.100502e-10
1425 1.100321e-10
1426 1.100084e-10
1427 1.099781e-10
1428 1.099421e-10
1429 1.099005e-10
1430 1.098533e-10
1431 1.097995e-10
1432 1.097401e-10
1433 1.096741e-10
1434 1.096026e-10
1435 1.095246e-10
1436 1.094409e-10
1437 1.093508e-10
1438 1.092541e-10
1439 1.091519e-10
1440 1.090442e-10
1441 1.089300e-10
1442 1.088092e-10
1443 1.086820e-10
1444 1.085493e-10
1445 1.084100e-10
1446 1.082643e-10
1447 1.081131e-10
1448 1.079554e-10
1449 1.077912e-10
1450 1.076215e-10
1451 1.074463e-10
1452 1.072646e-10
1453 1.070764e-10
1454 1.068827e-10
1455 1.066835e-10
1456 1.064788e-10
1457 1.062686e-10
1458 1.060519e-10
1459 1.058296e-10
1460 1.056018e-10
1461 1.053685e-10
1462 1.051296e-10
1463 1.048851e-10
1464 1.046351e-10
1465 1.043795e-10
1466 1.041194e-10
1467 1.038536e-10
1468 1.035832e-10
1469 1.033072e-10
1470 1.030256e-10
1471 1.027403e-10
1472 1.024493e-10
1473 1.021527e-10
1474 1.018524e-10
1475 1.015464e-10
1476 1.012367e-10
1477 1.009223e-10
1478 1.006031e-10
1479 1.002801e-10
1480 9.995241e-11
1481 9.962088e-11
1482 9.928453e-11
1483 9.894435e-11
1484 9.860132e-11
1485 9.825342e-11
1486 9.790263e-11
1487 9.754692e-11
1488 9.718829e-11
1489 9.682671e-11
1490 9.646066e-11
1491 9.609162e-11
1492 9.571936e-11
1493 9.534397e-11
1494 9.496543e-11
1495 9.458390e-11
1496 9.419948e-11
1497 9.381233e-11
1498 9.342243e-11
1499 9.302996e-11
1500 9.263500e-11
1501 9.223762e-11
1502 9.183809e-11
1503 9.143630e-11
1504 9.103241e-11
1505 9.062661e-11
1506 9.021886e-11
1507 8.980924e-11
1508 8.939792e-11
1509 8.898498e-11
1510 8.857049e-11
1511 8.815453e-11
1512 8.773746e-11
1513 8.731917e-11
1514 8.689992e-11
1515 8.647988e-11
1516 8.605903e-11
1517 8.563755e-11
1518 8.521559e-11
1519 8.479315e-11
1520 8.437038e-11
1521 8.394736e-11
1522 8.352416e-11
1523 8.310086e-11
1524 8.267763e-11
1525 8.225453e-11
1526 8.183175e-11
1527 8.140924e-11
1528 8.098719e-11
1529 8.056577e-11
1530 8.014495e-11
1531 7.972489e-11
1532 7.930558e-11
1533 7.888729e-11
1534 7.846998e-11
1535 7.805373e-11
1536 7.763872e-11
1537 7.722481e-11
1538 7.681239e-11
1539 7.640141e-11
1540 7.599196e-11
1541 7.558411e-11
1542 7.517813e-11
1543 7.477389e-11
1544 7.437168e-11
1545 7.397137e-11
1546 7.357322e-11
1547 7.317732e-11
1548 7.278354e-11
1549 7.239216e-11
1550 7.200315e-11
1551 7.161658e-11
1552 7.123254e-11
1553 7.085120e-11
1554 7.047244e-11
1555 7.009644e-11
1556 6.972327e-11
1557 6.935301e-11
1558 6.898573e-11
1559 6.862153e-11
1560 6.826038e-11
1561 6.790235e-11
1562 6.754763e-11
1563 6.719609e-11
1564 6.684803e-11
1565 6.650331e-11
1566 6.616212e-11
1567 6.582435e-11
1568 6.549017e-11
1569 6.515967e-11
1570 6.483273e-11
1571 6.450964e-11
1572 6.419017e-11
1573 6.387451e-11
1574 6.356276e-11
1575 6.325488e-11
1576 6.295088e-11
1577 6.265093e-11
1578 6.235502e-11
1579 6.206324e-11
1580 6.177548e-11
1581 6.149192e-11
1582 6.121255e-11
1583 6.093737e-11
1584 6.066635e-11
1585 6.039950e-11
1586 6.013699e-11
1587 5.987873e-11
1588 5.962470e-11
1589 5.937499e-11
1590 5.912960e-11
1591 5.888852e-11
1592 5.865184e-11
1593 5.841945e-11
1594 5.819146e-11
1595 5.796784e-11
1596 5.774851e-11
1597 5.753365e-11
1598 5.732315e-11
1599 5.711693e-11
1600 5.691526e-11
1601 5.671786e-11
1602 5.652481e-11
1603 5.633612e-11
1604 5.615179e-11
1605 5.597181e-11
1606 5.579608e-11
1607 5.562471e-11
1608 5.545760e-11
1609 5.529474e-11
1610 5.513615e-11
1611 5.498181e-11
1612 5.483174e-11
1613 5.468584e-11
1614 5.454412e-11
1615 5.440657e-11
1616 5.427320e-11
1617 5.414392e-11
1618 5.401873e-11
1619 5.389754e-11
1620 5.378036e-11
1621 5.366720e-11
1622 5.355795e-11
1623 5.345264e-11
1624 5.335117e-11
1625 5.325354e-11
1626 5.315978e-11
1627 5.306968e-11
1628 5.298336e-11
1629 5.290073e-11
1630 5.282170e-11
1631 5.274629e-11
1632 5.267441e-11
1633 5.260596e-11
1634 5.254106e-11
1635 5.247953e-11
1636 5.242128e-11
1637 5.236643e-11
1638 5.231478e-11
1639 5.226636e-11
1640 5.222108e-11
1641 5.217885e-11
1642 5.213969e-11
1643 5.210352e-11
1644 5.207035e-11
1645 5.204001e-11
1646 5.201250e-11
1647 5.198775e-11
1648 5.196567e-11
1649 5.194628e-11
1650 5.192941e-11
1651 5.191506e-11
1652 5.190326e-11
1653 5.189372e-11
1654 5.188668e-11
1655 5.188183e-11
1656 5.187912e-11
1657 5.187864e-11
1658 5.188024e-11
1659 5.188392e-11
1660 5.188950e-11
1661 5.189702e-11
1662 5.190628e-11
1663 5.191741e-11
1664 5.193023e-11
1665 5.194465e-11
1666 5.196061e-11
1667 5.197813e-11
1668 5.199711e-11
1669 5.201739e-11
1670 5.203899e-11
1671 5.206183e-11
1672 5.208582e-11
1673 5.211090e-11
1674 5.213708e-11
1675 5.216418e-11
1676 5.219223e-11
1677 5.222114e-11
1678 5.225095e-11
1679 5.228136e-11
1680 5.231241e-11
1681 5.234422e-11
1682 5.237639e-11
1683 5.240907e-11
1684 5.244216e-11
1685 5.247560e-11
1686 5.250930e-11
1687 5.254318e-11
1688 5.257727e-11
1689 5.261148e-11
1690 5.264564e-11
1691 5.267977e-11
1692 5.271389e-11
1693 5.274772e-11
1694 5.278149e-11
1695 5.281480e-11
1696 5.284790e-11
1697 5.288058e-11
1698 5.291268e-11
1699 5.294432e-11
1700 5.297541e-11
1701 5.300588e-11
1702 5.303564e-11
1703 5.306472e-11
1704 5.309304e-11
1705 5.312061e-11
1706 5.314725e-11
1707 5.317299e-11
1708 5.319774e-11
1709 5.322162e-11
1710 5.324435e-11
1711 5.326604e-11
1712 5.328652e-11
1713 5.330580e-11
1714 5.332390e-11
1715 5.334074e-11
1716 5.335633e-11
1717 5.337049e-11
1718 5.338323e-11
1719 5.339468e-11
1720 5.340454e-11
1721 5.341304e-11
1722 5.341998e-11
1723 5.342528e-11
1724 5.342915e-11
1725 5.343132e-11
1726 5.343178e-11
1727 5.343066e-11
1728 5.342777e-11
1729 5.342312e-11
1730 5.341671e-11
1731 5.340847e-11
1732 5.339841e-11
1733 5.338642e-11
1734 5.337253e-11
1735 5.335664e-11
1736 5.333897e-11
1737 5.331931e-11
1738 5.329769e-11
1739 5.327411e-11
1740 5.324857e-11
1741 5.322108e-11
1742 5.319155e-11
1743 5.316000e-11
1744 5.312631e-11
1745 5.309070e-11
1746 5.305288e-11
1747 5.301294e-11
1748 5.297100e-11
1749 5.292675e-11
1750 5.288050e-11
1751 5.283206e-11
1752 5.278153e-11
1753 5.272890e-11
1754 5.267409e-11
1755 5.261709e-11
1756 5.255800e-11
1757 5.249673e-11
1758 5.243328e-11
1759 5.236764e-11
1760 5.229992e-11
1761 5.223001e-11
1762 5.215791e-11
1763 5.208373e-11
1764 5.200737e-11
1765 5.192901e-11
1766 5.184856e-11
1767 5.176601e-11
1768 5.168147e-11
1769 5.159492e-11
1770 5.150637e-11
1771 5.141581e-11
1772 5.132324e-11
1773 5.122875e-11
1774 5.113224e-11
1775 5.103390e-11
1776 5.093353e-11
1777 5.083132e-11
1778 5.072726e-11
1779 5.062125e-11
1780 5.051348e-11
1781 5.040384e-11
1782 5.029244e-11
1783 5.017924e-11
1784 5.006436e-11
1785 4.994768e-11
1786 4.982939e-11
1787 4.970949e-11
1788 4.958786e-11
1789 4.946469e-11
1790 4.933998e-11
1791 4.921361e-11
1792 4.908577e-11
1793 4.895646e-11
1794 4.882555e-11
1795 4.869325e-11
1796 4.855943e-11
1797 4.842428e-11
1798 4.828770e-11
1799 4.814987e-11
1800 4.801067e-11
1801 4.787030e-11
1802 4.772873e-11
1803 4.758596e-11
1804 4.744207e-11
1805 4.729715e-11
1806 4.715118e-11
1807 4.700415e-11
1808 4.685614e-11
1809 4.670713e-11
1810 4.655722e-11
1811 4.640639e-11
1812 4.625471e-11
1813 4.610218e-11
1814 4.594887e-11
1815 4.579488e-11
1816 4.564018e-11
1817 4.548486e-11
1818 4.532890e-11
1819 4.517239e-11
1820 4.501531e-11
1821 4.485774e-11
1822 4.469977e-11
1823 4.454127e-11
1824 4.438233e-11
1825 4.422314e-11
1826 4.406358e-11
1827 4.390373e-11
1828 4.374367e-11
1829 4.358348e-11
1830 4.342306e-11
1831 4.326267e-11
1832 4.310222e-11
1833 4.294177e-11
1834 4.278131e-11
1835 4.262092e-11
1836 4.246070e-11
1837 4.230051e-11
1838 4.214055e-11
1839 4.198070e-11
1840 4.182114e-11
1841 4.166185e-11
1842 4.150282e-11
1843 4.134423e-11
1844 4.118597e-11
1845 4.102812e-11
1846 4.087077e-11
1847 4.071399e-11
1848 4.055758e-11
1849 4.040181e-11
1850 4.024657e-11
1851 4.009195e-11
1852 3.993803e-11
1853 3.978470e-11
1854 3.963214e-11
1855 3.948034e-11
1856 3.932937e-11
1857 3.917914e-11
1858 3.902981e-11
1859 3.888128e-11
1860 3.873384e-11
1861 3.858717e-11
1862 3.844155e-11
1863 3.829697e-11
1864 3.815342e-11
1865 3.801089e-11
1866 3.786936e-11
1867 3.772902e-11
1868 3.758985e-11
1869 3.745175e-11
1870 3.731490e-11
1871 3.717929e-11
1872 3.704480e-11
1873 3.691163e-11
1874 3.677966e-11
1875 3.664908e-11
1876 3.651979e-11
1877 3.639186e-11
1878 3.626529e-11
1879 3.614007e-11
1880 3.601619e-11
1881 3.589383e-11
1882 3.577289e-11
1883 3.565337e-11
1884 3.553524e-11
1885 3.541860e-11
1886 3.530354e-11
1887 3.518986e-11
1888 3.507774e-11
1889 3.496708e-11
1890 3.485797e-11
1891 3.475041e-11
1892 3.464448e-11
1893 3.454008e-11
1894 3.443720e-11
1895 3.433594e-11
1896 3.423630e-11
1897 3.413826e-11
1898 3.404182e-11
1899 3.394698e-11
1900 3.385383e-11
1901 3.376217e-11
1902 3.367220e-11
1903 3.358381e-11
1904 3.349710e-11
1905 3.341197e-11
1906 3.332852e-11
1907 3.324664e-11
1908 3.316633e-11
1909 3.308779e-11
1910 3.301083e-11
1911 3.293544e-11
1912 3.286171e-11
1913 3.278956e-11
1914 3.271898e-11
1915 3.265007e-11
1916 3.258274e-11
1917 3.251698e-11
1918 3.245280e-11
1919 3.239030e-11
1920 3.232928e-11
1921 3.226985e-11
1922 3.221200e-11
1923 3.215565e-11
1924 3.210099e-11
1925 3.204773e-11
1926 3.199597e-11
1927 3.194582e-11
1928 3.189708e-11
1929 3.184985e-11
1930 3.180415e-11
1931 3.175988e-11
1932 3.171694e-11
1933 3.167554e-11
1934 3.163548e-11
1935 3.159688e-11
1936 3.155963e-11
1937 3.152375e-11
1938 3.148924e-11
1939 3.145600e-11
1940 3.142406e-11
1941 3.139341e-11
1942 3.136405e-11
1943 3.133601e-11
1944 3.130909e-11
1945 3.128339e-11
1946 3.125893e-11
1947 3.123562e-11
1948 3.121345e-11
1949 3.119235e-11
1950 3.117231e-11
1951 3.115346e-11
1952 3.113560e-11
1953 3.111874e-11
1954 3.110289e-11
1955 3.108807e-11
1956 3.107417e-11
1957 3.106122e-11
1958 3.104922e-11
1959 3.103808e-11
1960 3.102782e-11
1961 3.101845e-11
1962 3.100977e-11
1963 3.100201e-11
1964 3.099497e-11
1965 3.098856e-11
1966 3.098300e-11
1967 3.097810e-11
1968 3.097376e-11
1969 3.097022e-11
1970 3.096716e-11
1971 3.096472e-11
1972 3.096290e-11
1973 3.096151e-11
1974 3.096067e-11
1975 3.096039e-11
1976 3.096049e-11
1977 3.096097e-11
1978 3.096186e-11
1979 3.096306e-11
1980 3.096469e-11
1981 3.096656e-11
1982 3.096878e-11
1983 3.097127e-11
1984 3.097395e-11
1985 3.097692e-11
1986 3.098000e-11
1987 3.098331e-11
1988 3.098676e-11
1989 3.099025e-11
1990 3.099391e-11
1991 3.099765e-11
1992 3.100138e-11
1993 3.100502e-11
1994 3.100878e-11
1995 3.101237e-11
1996 3.101600e-11
1997 3.101950e-11
1998 3.102277e-11
1999 3.102602e-11
2000 3.102898e-11
2001 3.103184e-11
2002 3.103443e-11
2003 3.103676e-11
2004 3.103884e-11
2005 3.104068e-11
2006 3.104220e-11
2007 3.104331e-11
2008 3.104412e-11
2009 3.104454e-11
2010 3.104458e-11
2011 3.104416e-11
2012 3.104329e-11
2013 3.104187e-11
2014 3.104003e-11
2015 3.103767e-11
2016 3.103470e-11
2017 3.103134e-11
2018 3.102728e-11
2019 3.102276e-11
2020 3.101757e-11
2021 3.101182e-11
2022 3.100553e-11
2023 3.099851e-11
2024 3.099086e-11
2025 3.098259e-11
2026 3.097352e-11
2027 3.096375e-11
2028 3.095329e-11
2029 3.094205e-11
2030 3.093004e-11
2031 3.091737e-11
2032 3.090385e-11
2033 3.088948e-11
2034 3.087437e-11
2035 3.085842e-11
2036 3.084166e-11
2037 3.082398e-11
2038 3.080549e-11
2039 3.078610e-11
2040 3.076581e-11
2041 3.074454e-11
2042 3.072238e-11
2043 3.069935e-11
2044 3.067534e-11
2045 3.065047e-11
2046 3.062464e-11
2047 3.059776e-11
2048 3.057003e-11
2049 3.054135e-11
2050 3.051174e-11
2051 3.048109e-11
2052 3.044950e-11
2053 3.041689e-11
2054 3.038326e-11
2055 3.034861e-11
2056 3.031304e-11
2057 3.027635e-11
2058 3.023876e-11
2059 3.020005e-11
2060 3.016044e-11
2061 3.011973e-11
2062 3.007811e-11
2063 3.003539e-11
2064 2.999166e-11
2065 2.994704e-11
2066 2.990132e-11
2067 2.985460e-11
2068 2.980699e-11
2069 2.975827e-11
2070 2.970866e-11
2071 2.965805e-11
2072 2.960634e-11
2073 2.955372e-11
2074 2.950011e-11
2075 2.944559e-11
2076 2.938996e-11
2077 2.933343e-11
2078 2.927589e-11
2079 2.921743e-11
2080 2.915806e-11
2081 2.909777e-11
2082 2.903656e-11
2083 2.897442e-11
2084 2.891136e-11
2085 2.884756e-11
2086 2.878272e-11
2087 2.871705e-11
2088 2.865063e-11
2089 2.858325e-11
2090 2.851502e-11
2091 2.844593e-11
2092 2.837598e-11
2093 2.830525e-11
2094 2.823374e-11
2095 2.816136e-11
2096 2.808828e-11
2097 2.801440e-11
2098 2.793972e-11
2099 2.786434e-11
2100 2.778813e-11
2101 2.771121e-11
2102 2.763355e-11
2103 2.755516e-11
2104 2.747602e-11
2105 2.739623e-11
2106 2.731568e-11
2107 2.723455e-11
2108 2.715266e-11
2109 2.707027e-11
2110 2.698720e-11
2111 2.690362e-11
2112 2.681943e-11
2113 2.673473e-11
2114 2.664939e-11
2115 2.656362e-11
2116 2.647730e-11
2117 2.639053e-11
2118 2.630320e-11
2119 2.621549e-11
2120 2.612720e-11
2121 2.603862e-11
2122 2.594953e-11
2123 2.586004e-11
2124 2.577032e-11
2125 2.568008e-11
2126 2.558959e-11
2127 2.549876e-11
2128 2.540766e-11
2129 2.531630e-11
2130 2.522455e-11
2131 2.513262e-11
2132 2.504039e-11
2133 2.494794e-11
2134 2.485528e-11
2135 2.476248e-11
2136 2.466955e-11
2137 2.457636e-11
2138 2.448311e-11
2139 2.438979e-11
2140 2.429639e-11
2141 2.420289e-11
2142 2.410939e-11
2143 2.401578e-11
2144 2.392224e-11
2145 2.382867e-11
2146 2.373506e-11
2147 2.364149e-11
2148 2.354795e-11
2149 2.345454e-11
2150 2.336114e-11
2151 2.326785e-11
2152 2.317464e-11
2153 2.308162e-11
2154 2.298867e-11
2155 2.289599e-11
2156 2.280335e-11
2157 2.271096e-11
2158 2.261880e-11
2159 2.252676e-11
2160 2.243503e-11
2161 2.234351e-11
2162 2.225227e-11
2163 2.216132e-11
2164 2.207064e-11
2165 2.198022e-11
2166 2.189016e-11
2167 2.180044e-11
2168 2.171105e-11
2169 2.162199e-11
2170 2.153335e-11
2171 2.144502e-11
2172 2.135718e-11
2173 2.126973e-11
2174 2.118276e-11
2175 2.109627e-11
2176 2.101024e-11
2177 2.092467e-11
2178 2.083954e-11
2179 2.075495e-11
2180 2.067090e-11
2181 2.058727e-11
2182 2.050426e-11
2183 2.042175e-11
2184 2.033985e-11
2185 2.025844e-11
2186 2.017762e-11
2187 2.009748e-11
2188 2.001782e-11
2189 1.993883e-11
2190 1.986049e-11
2191 1.978271e-11
2192 1.970559e-11
2193 1.962910e-11
2194 1.955315e-11
2195 1.947794e-11
2196 1.940345e-11
2197 1.932959e-11
2198 1.925634e-11
2199 1.918381e-11
2200 1.911198e-11
2201 1.904085e-11
2202 1.897043e-11
2203 1.890070e-11
2204 1.883176e-11
2205 1.876351e-11
2206 1.869594e-11
2207 1.862916e-11
2208 1.856305e-11
2209 1.849771e-11
2210 1.843315e-11
2211 1.836925e-11
2212 1.830612e-11
2213 1.824376e-11
2214 1.818216e-11
2215 1.812122e-11
2216 1.806113e-11
2217 1.800180e-11
2218 1.794323e-11
2219 1.788531e-11
2220 1.782825e-11
2221 1.777194e-11
2222 1.771638e-11
2223 1.766166e-11
2224 1.760760e-11
2225 1.755440e-11
2226 1.750184e-11
2227 1.745013e-11
2228 1.739917e-11
2229 1.734886e-11
2230 1.729941e-11
2231 1.725070e-11
2232 1.720275e-11
2233 1.715546e-11
2234 1.710902e-11
2235 1.706324e-11
2236 1.701832e-11
2237 1.697406e-11
2238 1.693056e-11
2239 1.688773e-11
2240 1.684576e-11
2241 1.680437e-11
2242 1.676374e-11
2243 1.672389e-11
2244 1.668472e-11
2245 1.664623e-11
2246 1.660843e-11
2247 1.657131e-11
2248 1.653488e-11
2249 1.649914e-11
2250 1.646411e-11
2251 1.642977e-11
2252 1.639604e-11
2253 1.636292e-11
2254 1.633052e-11
2255 1.629864e-11
2256 1.626747e-11
2257 1.623694e-11
2258 1.620704e-11
2259 1.617768e-11
2260 1.614896e-11
2261 1.612089e-11
2262 1.609338e-11
2263 1.606633e-11
2264 1.603994e-11
2265 1.601412e-11
2266 1.598888e-11
2267 1.596412e-11
2268 1.593985e-11
2269 1.591618e-11
2270 1.589301e-11
2271 1.587034e-11
2272 1.584819e-11
2273 1.582657e-11
2274 1.580537e-11
2275 1.578460e-11
2276 1.576438e-11
2277 1.574450e-11
2278 1.572508e-11
2279 1.570612e-11
2280 1.568763e-11
2281 1.566952e-11
2282 1.565179e-11
2283 1.563435e-11
2284 1.561741e-11
2285 1.560077e-11
2286 1.558455e-11
2287 1.556865e-11
2288 1.555308e-11
2289 1.553784e-11
2290 1.552295e-11
2291 1.550831e-11
2292 1.549402e-11
2293 1.548000e-11
2294 1.546626e-11
2295 1.545279e-11
2296 1.543951e-11
2297 1.542653e-11
2298 1.541376e-11
2299 1.540129e-11
2300 1.538895e-11
2301 1.537683e-11
2302 1.536494e-11
2303 1.535310e-11
2304 1.534161e-11
2305 1.533017e-11
2306 1.531889e-11
2307 1.530779e-11
2308 1.529677e-11
2309 1.528583e-11
2310 1.527509e-11
2311 1.526445e-11
2312 1.525381e-11
2313 1.524329e-11
2314 1.523290e-11
2315 1.522253e-11
2316 1.521220e-11
2317 1.520191e-11
2318 1.519167e-11
2319 1.518139e-11
2320 1.517118e-11
2321 1.516093e-11
2322 1.515066e-11
2323 1.514048e-11
2324 1.513019e-11
2325 1.511989e-11
2326 1.510950e-11
2327 1.509911e-11
2328 1.508864e-11
2329 1.507820e-11
2330 1.506758e-11
2331 1.505689e-11
2332 1.504615e-11
2333 1.503535e-11
2334 1.502440e-11
2335 1.501332e-11
2336 1.500209e-11
2337 1.499083e-11
2338 1.497935e-11
2339 1.496775e-11
2340 1.495603e-11
2341 1.494410e-11
2342 1.493207e-11
2343 1.491984e-11
2344 1.490741e-11
2345 1.489480e-11
2346 1.488210e-11
2347 1.486912e-11
2348 1.485596e-11
2349 1.484254e-11
2350 1.482894e-11
2351 1.481519e-11
2352 1.480117e-11
2353 1.478690e-11
2354 1.477238e-11
2355 1.475772e-11
2356 1.474271e-11
2357 1.472756e-11
2358 1.471207e-11
2359 1.469646e-11
2360 1.468051e-11
2361 1.466433e-11
2362 1.464784e-11
2363 1.463112e-11
2364 1.461408e-11
2365 1.459683e-11
2366 1.457936e-11
2367 1.456148e-11
2368 1.454339e-11
2369 1.452509e-11
2370 1.450639e-11
2371 1.448748e-11
2372 1.446827e-11
2373 1.444886e-11
2374 1.442904e-11
2375 1.440903e-11
2376 1.438872e-11
2377 1.436801e-11
2378 1.434710e-11
2379 1.432589e-11
2380 1.430449e-11
2381 1.428269e-11
2382 1.426059e-11
2383 1.423820e-11
2384 1.421551e-11
2385 1.419262e-11
2386 1.416933e-11
2387 1.414574e-11
2388 1.412195e-11
2389 1.409787e-11
2390 1.407337e-11
2391 1.404868e-11
2392 1.402378e-11
2393 1.399848e-11
2394 1.397296e-11
2395 1.394714e-11
2396 1.392111e-11
2397 1.389476e-11
2398 1.386810e-11
2399 1.384123e-11
2400 1.381403e-11
2401 1.378651e-11
2402 1.375887e-11
2403 1.373081e-11
2404 1.370261e-11
2405 1.367409e-11
2406 1.364533e-11
2407 1.361633e-11
2408 1.358699e-11
2409 1.355751e-11
2410 1.352769e-11
2411 1.349772e-11
2412 1.346739e-11
2413 1.343692e-11
2414 1.340618e-11
2415 1.337518e-11
2416 1.334402e-11
2417 1.331258e-11
2418 1.328098e-11
2419 1.324910e-11
2420 1.321714e-11
2421 1.318490e-11
2422 1.315247e-11
2423 1.311995e-11
2424 1.308713e-11
2425 1.305422e-11
2426 1.302110e-11
2427 1.298778e-11
2428 1.295434e-11
2429 1.292079e-11
2430 1.288702e-11
2431 1.285313e-11
2432 1.281910e-11
2433 1.278494e-11
2434 1.275075e-11
2435 1.271631e-11
2436 1.268182e-11
2437 1.264718e-11
2438 1.261248e-11
2439 1.257762e-11
2440 1.254269e-11
2441 1.250769e-11
2442 1.247262e-11
2443 1.243735e-11
2444 1.240211e-11
2445 1.236686e-11
2446 1.233142e-11
2447 1.229608e-11
2448 1.226063e-11
2449 1.222506e-11
2450 1.218957e-11
2451 1.215396e-11
2452 1.211841e-11
2453 1.208273e-11
2454 1.204711e-11
2455 1.201144e-11
2456 1.197581e-11
2457 1.194023e-11
2458 1.190458e-11
2459 1.186886e-11
2460 1.183327e-11
2461 1.179770e-11
2462 1.176204e-11
2463 1.172659e-11
2464 1.169104e-11
2465 1.165559e-11
2466 1.162013e-11
2467 1.158476e-11
2468 1.154947e-11
2469 1.151426e-11
2470 1.147901e-11
2471 1.144394e-11
2472 1.140892e-11
2473 1.137397e-11
2474 1.133906e-11
2475 1.130430e-11
2476 1.126958e-11
2477 1.123500e-11
2478 1.120055e-11
2479 1.116622e-11
2480 1.113192e-11
2481 1.109784e-11
2482 1.106388e-11
2483 1.103002e-11
2484 1.099627e-11
2485 1.096272e-11
2486 1.092937e-11
2487 1.089612e-11
2488 1.086305e-11
2489 1.083007e-11
2490 1.079727e-11
2491 1.076475e-11
2492 1.073230e-11
2493 1.070003e-11
2494 1.066797e-11
2495 1.063609e-11
2496 1.060440e-11
2497 1.057291e-11
2498 1.054162e-11
2499 1.051052e-11
2500 1.047963e-11
2501 1.044894e-11
2502 1.041847e-11
2503 1.038820e-11
2504 1.035815e-11
2505 1.032832e-11
2506 1.029871e-11
2507 1.026933e-11
2508 1.024018e-11
2509 1.021124e-11
2510 1.018255e-11
2511 1.015410e-11
2512 1.012589e-11
2513 1.009790e-11
2514 1.007017e-11
2515 1.004268e-11
2516 1.001543e-11
2517 9.988423e-12
2518 9.961658e-12
2519 9.935143e-12
2520 9.908877e-12
2521 9.882857e-12
2522 9.857092e-12
2523 9.831570e-12
2524 9.806300e-12
2525 9.781291e-12
2526 9.756531e-12
2527 9.732019e-12
2528 9.707773e-12
2529 9.683774e-12
2530 9.660029e-12
2531 9.636538e-12
2532 9.613301e-12
2533 9.590316e-12
2534 9.567594e-12
2535 9.545114e-12
2536 9.522885e-12
2537 9.500917e-12
2538 9.479191e-12
2539 9.457716e-12
2540 9.436492e-12
2541 9.415521e-12
2542 9.394791e-12
2543 9.374325e-12
2544 9.354101e-12
2545 9.334122e-12
2546 9.314397e-12
2547 9.294918e-12
2548 9.275676e-12
2549 9.256681e-12
2550 9.237926e-12
2551 9.219412e-12
2552 9.201139e-12
2553 9.183100e-12
2554 9.165296e-12
2555 9.147729e-12
2556 9.130381e-12
2557 9.113284e-12
2558 9.096399e-12
2559 9.079749e-12
2560 9.063337e-12
2561 9.047133e-12
2562 9.031161e-12
2563 9.015403e-12
2564 8.999862e-12
2565 8.984529e-12
2566 8.969407e-12
2567 8.954500e-12
2568 8.939798e-12
2569 8.925306e-12
2570 8.911006e-12
2571 8.896921e-12
2572 8.883023e-12
2573 8.869326e-12
2574 8.855832e-12
2575 8.842514e-12
2576 8.829395e-12
2577 8.816448e-12
2578 8.803685e-12
2579 8.791101e-12
2580 8.778689e-12
2581 8.766440e-12
2582 8.754358e-12
2583 8.742447e-12
2584 8.730689e-12
2585 8.719088e-12
2586 8.707637e-12
2587 8.696329e-12
2588 8.685178e-12
2589 8.674166e-12
2590 8.663277e-12
2591 8.652534e-12
2592 8.641910e-12
2593 8.631410e-12
2594 8.621036e-12
2595 8.610772e-12
2596 8.600621e-12
2597 8.590576e-12
2598 8.580632e-12
2599 8.570792e-12
2600 8.561049e-12
2601 8.551406e-12
2602 8.541839e-12
2603 8.532370e-12
2604 8.522972e-12
2605 8.513661e-12
2606 8.504408e-12
2607 8.495230e-12
2608 8.486118e-12
2609 8.477067e-12
2610 8.468071e-12
2611 8.459134e-12
2612 8.450239e-12
2613 8.441391e-12
2614 8.432583e-12
2615 8.423820e-12
2616 8.415094e-12
2617 8.406392e-12
2618 8.397725e-12
2619 8.389079e-12
2620 8.380467e-12
2621 8.371863e-12
2622 8.363281e-12
2623 8.354706e-12
2624 8.346150e-12
2625 8.337588e-12
2626 8.329034e-12
2627 8.320482e-12
2628 8.311915e-12
2629 8.303348e-12
2630 8.294753e-12
2631 8.286156e-12
2632 8.277539e-12
2633 8.268906e-12
2634 8.260242e-12
2635 8.251568e-12
2636 8.242860e-12
2637 8.234130e-12
2638 8.225362e-12
2639 8.216569e-12
2640 8.207724e-12
2641 8.198851e-12
2642 8.189923e-12
2643 8.180953e-12
2644 8.171925e-12
2645 8.162840e-12
2646 8.153702e-12
2647 8.144514e-12
2648 8.135249e-12
2649 8.125929e-12
2650 8.116537e-12
2651 8.107086e-12
2652 8.097547e-12
2653 8.087935e-12
2654 8.078240e-12
2655 8.068466e-12
2656 8.058604e-12
2657 8.048647e-12
2658 8.038596e-12
2659 8.028455e-12
2660 8.018214e-12
2661 8.007887e-12
2662 7.997454e-12
2663 7.986928e-12
2664 7.976310e-12
2665 7.965582e-12
2666 7.954746e-12
2667 7.943813e-12
2668 7.932776e-12
2669 7.921624e-12
2670 7.910361e-12
2671 7.898987e-12
2672 7.887504e-12
2673 7.875902e-12
2674 7.864184e-12
2675 7.852350e-12
2676 7.840402e-12
2677 7.828330e-12
2678 7.816146e-12
2679 7.803851e-12
2680 7.791426e-12
2681 7.778891e-12
2682 7.766227e-12
2683 7.753436e-12
2684 7.740527e-12
2685 7.727492e-12
2686 7.714332e-12
2687 7.701056e-12
2688 7.687646e-12
2689 7.674121e-12
2690 7.660473e-12
2691 7.646711e-12
2692 7.632825e-12
2693 7.618817e-12
2694 7.604696e-12
2695 7.590452e-12
2696 7.576085e-12
2697 7.561606e-12
2698 7.547003e-12
2699 7.532287e-12
2700 7.517438e-12
2701 7.502485e-12
2702 7.487398e-12
2703 7.472206e-12
2704 7.456889e-12
2705 7.441456e-12
2706 7.425896e-12
2707 7.410229e-12
2708 7.394443e-12
2709 7.378549e-12
2710 7.362534e-12
2711 7.346408e-12
2712 7.330179e-12
2713 7.313827e-12
2714 7.297381e-12
2715 7.280818e-12
2716 7.264147e-12
2717 7.247367e-12
2718 7.230477e-12
2719 7.213485e-12
2720 7.196379e-12
2721 7.179167e-12
2722 7.161859e-12
2723 7.144451e-12
2724 7.126952e-12
2725 7.109351e-12
2726 7.091665e-12
2727 7.073892e-12
2728 7.056030e-12
2729 7.038088e-12
2730 7.020063e-12
2731 7.001952e-12
2732 6.983764e-12
2733 6.965497e-12
2734 6.947148e-12
2735 6.928725e-12
2736 6.910225e-12
2737 6.891657e-12
2738 6.873018e-12
2739 6.854315e-12
2740 6.835546e-12
2741 6.816719e-12
2742 6.797821e-12
2743 6.778870e-12
2744 6.759863e-12
2745 6.740798e-12
2746 6.721682e-12
2747 6.702512e-12
2748 6.683287e-12
2749 6.664013e-12
2750 6.644698e-12
2751 6.625330e-12
2752 6.605935e-12
2753 6.586501e-12
2754 6.567025e-12
2755 6.547525e-12
2756 6.527998e-12
2757 6.508451e-12
2758 6.488871e-12
2759 6.469266e-12
2760 6.449643e-12
2761 6.429999e-12
2762 6.410332e-12
2763 6.390659e-12
2764 6.370966e-12
2765 6.351261e-12
2766 6.331552e-12
2767 6.311836e-12
2768 6.292119e-12
2769 6.272399e-12
2770 6.252683e-12
2771 6.232969e-12
2772 6.213263e-12
2773 6.193563e-12
2774 6.173876e-12
2775 6.154199e-12
2776 6.134530e-12
2777 6.114875e-12
2778 6.095252e-12
2779 6.075638e-12
2780 6.056050e-12
2781 6.036496e-12
2782 6.016973e-12
2783 5.997477e-12
2784 5.978028e-12
2785 5.958610e-12
2786 5.939223e-12
2787 5.919893e-12
2788 5.900598e-12
2789 5.881345e-12
2790 5.862142e-12
2791 5.842996e-12
2792 5.823894e-12
2793 5.804844e-12
2794 5.785854e-12
2795 5.766920e-12
2796 5.748052e-12
2797 5.729235e-12
2798 5.710479e-12
2799 5.691800e-12
2800 5.673177e-12
2801 5.654626e-12
2802 5.636157e-12
2803 5.617746e-12
2804 5.599411e-12
2805 5.581161e-12
2806 5.562974e-12
2807 5.544877e-12
2808 5.526858e-12
2809 5.508915e-12
2810 5.491057e-12
2811 5.473272e-12
2812 5.455588e-12
2813 5.437982e-12
2814 5.420463e-12
2815 5.403040e-12
2816 5.385701e-12
2817 5.368464e-12
2818 5.351317e-12
2819 5.334279e-12
2820 5.317329e-12
2821 5.300474e-12
2822 5.283723e-12
2823 5.267066e-12
2824 5.250520e-12
2825 5.234064e-12
2826 5.217717e-12
2827 5.201477e-12
2828 5.185334e-12
2829 5.169296e-12
2830 5.153362e-12
2831 5.137540e-12
2832 5.121831e-12
2833 5.106222e-12
2834 5.090723e-12
2835 5.075332e-12
2836 5.060060e-12
2837 5.044894e-12
2838 5.029835e-12
2839 5.014891e-12
2840 5.000052e-12
2841 4.985327e-12
2842 4.970715e-12
2843 4.956227e-12
2844 4.941840e-12
2845 4.927576e-12
2846 4.913413e-12
2847 4.899382e-12
2848 4.885461e-12
2849 4.871651e-12
2850 4.857952e-12
2851 4.844373e-12
2852 4.830914e-12
2853 4.817566e-12
2854 4.804328e-12
2855 4.791210e-12
2856 4.778203e-12
2857 4.765317e-12
2858 4.752542e-12
2859 4.739878e-12
2860 4.727337e-12
2861 4.714907e-12
2862 4.702591e-12
2863 4.690387e-12
2864 4.678298e-12
2865 4.666323e-12
2866 4.654453e-12
2867 4.642709e-12
2868 4.631072e-12
2869 4.619542e-12
2870 4.608131e-12
2871 4.596818e-12
2872 4.585626e-12
2873 4.574545e-12
2874 4.563576e-12
2875 4.552710e-12
2876 4.541958e-12
2877 4.531311e-12
2878 4.520770e-12
2879 4.510337e-12
2880 4.500012e-12
2881 4.489797e-12
2882 4.479673e-12
2883 4.469661e-12
2884 4.459751e-12
2885 4.449937e-12
2886 4.440228e-12
2887 4.430616e-12
2888 4.421102e-12
2889 4.411678e-12
2890 4.402364e-12
2891 4.393133e-12
2892 4.384005e-12
2893 4.374961e-12
2894 4.366014e-12
2895 4.357164e-12
2896 4.348393e-12
2897 4.339712e-12
2898 4.331123e-12
2899 4.322607e-12
2900 4.314185e-12
2901 4.305838e-12
2902 4.297570e-12
2903 4.289380e-12
2904 4.281270e-12
2905 4.273242e-12
2906 4.265278e-12
2907 4.257388e-12
2908 4.249575e-12
2909 4.241831e-12
2910 4.234156e-12
2911 4.226553e-12
2912 4.219013e-12
2913 4.211538e-12
2914 4.204130e-12
2915 4.196781e-12
2916 4.189482e-12
2917 4.182255e-12
2918 4.175082e-12
2919 4.167965e-12
2920 4.160906e-12
2921 4.153898e-12
2922 4.146941e-12
2923 4.140038e-12
2924 4.133180e-12
2925 4.126371e-12
2926 4.119622e-12
2927 4.112905e-12
2928 4.106242e-12
2929 4.099616e-12
2930 4.093038e-12
2931 4.086501e-12
2932 4.079997e-12
2933 4.073537e-12
2934 4.067125e-12
2935 4.060741e-12
2936 4.054389e-12
2937 4.048081e-12
2938 4.041808e-12
2939 4.035563e-12
2940 4.029357e-12
2941 4.023174e-12
2942 4.017024e-12
2943 4.010910e-12
2944 4.004814e-12
2945 3.998748e-12
2946 3.992713e-12
2947 3.986693e-12
2948 3.980707e-12
2949 3.974739e-12
2950 3.968790e-12
2951 3.962861e-12
2952 3.956945e-12
2953 3.951053e-12
2954 3.945186e-12
2955 3.939317e-12
2956 3.933476e-12
2957 3.927635e-12
2958 3.921805e-12
2959 3.915989e-12
2960 3.910176e-12
2961 3.904369e-12
2962 3.898578e-12
2963 3.892775e-12
2964 3.886990e-12
2965 3.881196e-12
2966 3.875412e-12
2967 3.869621e-12
2968 3.863822e-12
2969 3.858028e-12
2970 3.852228e-12
2971 3.846424e-12
2972 3.840607e-12
2973 3.834777e-12
2974 3.828946e-12
2975 3.823104e-12
2976 3.817252e-12
2977 3.811381e-12
2978 3.805491e-12
2979 3.799594e-12
2980 3.793681e-12
2981 3.787752e-12
2982 3.781807e-12
2983 3.775839e-12
2984 3.769857e-12
2985 3.763853e-12
2986 3.757836e-12
2987 3.751789e-12
2988 3.745732e-12
2989 3.739646e-12
2990 3.733531e-12
2991 3.727398e-12
2992 3.721249e-12
2993 3.715074e-12
2994 3.708864e-12
2995 3.702640e-12
2996 3.696393e-12
2997 3.690123e-12
2998 3.683821e-12
2999 3.677509e-12
3000 3.671166e-12
