# ell   Cl_MCGT
0 0.000000e+00
1 0.000000e+00
2 2.004636e-10
3 1.801176e-10
4 1.649369e-10
5 1.547959e-10
6 1.482602e-10
7 1.441794e-10
8 1.417872e-10
9 1.405814e-10
10 1.402274e-10
11 1.405028e-10
12 1.412593e-10
13 1.424051e-10
14 1.438719e-10
15 1.455971e-10
16 1.475336e-10
17 1.496409e-10
18 1.518393e-10
19 1.542743e-10
20 1.567537e-10
21 1.593528e-10
22 1.620507e-10
23 1.647889e-10
24 1.676095e-10
25 1.705343e-10
26 1.734984e-10
27 1.765457e-10
28 1.796429e-10
29 1.827865e-10
30 1.860102e-10
31 1.892242e-10
32 1.925277e-10
33 1.958500e-10
34 1.991941e-10
35 2.026533e-10
36 2.061162e-10
37 2.096313e-10
38 2.131903e-10
39 2.167864e-10
40 2.204221e-10
41 2.240976e-10
42 2.278175e-10
43 2.315857e-10
44 2.354115e-10
45 2.393052e-10
46 2.432594e-10
47 2.472611e-10
48 2.512944e-10
49 2.553483e-10
50 2.594327e-10
51 2.635624e-10
52 2.677432e-10
53 2.719767e-10
54 2.762575e-10
55 2.805789e-10
56 2.849491e-10
57 2.893751e-10
58 2.938538e-10
59 2.983790e-10
60 3.029533e-10
61 3.075818e-10
62 3.122645e-10
63 3.170019e-10
64 3.217923e-10
65 3.266362e-10
66 3.315330e-10
67 3.364832e-10
68 3.414874e-10
69 3.465448e-10
70 3.516574e-10
71 3.568239e-10
72 3.620451e-10
73 3.673208e-10
74 3.726491e-10
75 3.780300e-10
76 3.834616e-10
77 3.889436e-10
78 3.944772e-10
79 4.000673e-10
80 4.057158e-10
81 4.114247e-10
82 4.171925e-10
83 4.230129e-10
84 4.288826e-10
85 4.347972e-10
86 4.407534e-10
87 4.467457e-10
88 4.527709e-10
89 4.588296e-10
90 4.649214e-10
91 4.710470e-10
92 4.772061e-10
93 4.834002e-10
94 4.896280e-10
95 4.958912e-10
96 5.021884e-10
97 5.085192e-10
98 5.148842e-10
99 5.212792e-10
100 5.277048e-10
101 5.341586e-10
102 5.406392e-10
103 5.471434e-10
104 5.536698e-10
105 5.602160e-10
106 5.667797e-10
107 5.733584e-10
108 5.799490e-10
109 5.865509e-10
110 5.931609e-10
111 5.997766e-10
112 6.063966e-10
113 6.130187e-10
114 6.196404e-10
115 6.262593e-10
116 6.328737e-10
117 6.394808e-10
118 6.460766e-10
119 6.526595e-10
120 6.592265e-10
121 6.657749e-10
122 6.723007e-10
123 6.788022e-10
124 6.852766e-10
125 6.917200e-10
126 6.981306e-10
127 7.045045e-10
128 7.108390e-10
129 7.171322e-10
130 7.233803e-10
131 7.295794e-10
132 7.357290e-10
133 7.418249e-10
134 7.478663e-10
135 7.538503e-10
136 7.597760e-10
137 7.656406e-10
138 7.714422e-10
139 7.771779e-10
140 7.828478e-10
141 7.884481e-10
142 7.939769e-10
143 7.994333e-10
144 8.048135e-10
145 8.101165e-10
146 8.153375e-10
147 8.204747e-10
148 8.255251e-10
149 8.304860e-10
150 8.353543e-10
151 8.401263e-10
152 8.448021e-10
153 8.493789e-10
154 8.538559e-10
155 8.582315e-10
156 8.625060e-10
157 8.666758e-10
158 8.707411e-10
159 8.746993e-10
160 8.785488e-10
161 8.822858e-10
162 8.859087e-10
163 8.894158e-10
164 8.928035e-10
165 8.960710e-10
166 8.992159e-10
167 9.022363e-10
168 9.051306e-10
169 9.078971e-10
170 9.105343e-10
171 9.130394e-10
172 9.154127e-10
173 9.176507e-10
174 9.197520e-10
175 9.217173e-10
176 9.235457e-10
177 9.252374e-10
178 9.267915e-10
179 9.282090e-10
180 9.294901e-10
181 9.306338e-10
182 9.316413e-10
183 9.325126e-10
184 9.332469e-10
185 9.338453e-10
186 9.343067e-10
187 9.346325e-10
188 9.348226e-10
189 9.348761e-10
190 9.347942e-10
191 9.345769e-10
192 9.342234e-10
193 9.337337e-10
194 9.331100e-10
195 9.323513e-10
196 9.314588e-10
197 9.304334e-10
198 9.292764e-10
199 9.279859e-10
200 9.265648e-10
201 9.250124e-10
202 9.233286e-10
203 9.215116e-10
204 9.195635e-10
205 9.174814e-10
206 9.152674e-10
207 9.129205e-10
208 9.104408e-10
209 9.078334e-10
210 9.050974e-10
211 9.022350e-10
212 8.992491e-10
213 8.961408e-10
214 8.929123e-10
215 8.895646e-10
216 8.860970e-10
217 8.825114e-10
218 8.788100e-10
219 8.749939e-10
220 8.710643e-10
221 8.670242e-10
222 8.628739e-10
223 8.586165e-10
224 8.542550e-10
225 8.497917e-10
226 8.452277e-10
227 8.405660e-10
228 8.358089e-10
229 8.309595e-10
230 8.260188e-10
231 8.209901e-10
232 8.158765e-10
233 8.106791e-10
234 8.053999e-10
235 8.000433e-10
236 7.946092e-10
237 7.891028e-10
238 7.835253e-10
239 7.778797e-10
240 7.721682e-10
241 7.663929e-10
242 7.605580e-10
243 7.546655e-10
244 7.487176e-10
245 7.427183e-10
246 7.366710e-10
247 7.305765e-10
248 7.244401e-10
249 7.182629e-10
250 7.120489e-10
251 7.057994e-10
252 6.995174e-10
253 6.932050e-10
254 6.868664e-10
255 6.805016e-10
256 6.741147e-10
257 6.677089e-10
258 6.612881e-10
259 6.548546e-10
260 6.484124e-10
261 6.419626e-10
262 6.355094e-10
263 6.290547e-10
264 6.226007e-10
265 6.161484e-10
266 6.097000e-10
267 6.032584e-10
268 5.968248e-10
269 5.904003e-10
270 5.839869e-10
271 5.775887e-10
272 5.712057e-10
273 5.648430e-10
274 5.585007e-10
275 5.521819e-10
276 5.458906e-10
277 5.396279e-10
278 5.333958e-10
279 5.271974e-10
280 5.210358e-10
281 5.149120e-10
282 5.088291e-10
283 5.027901e-10
284 4.967961e-10
285 4.908501e-10
286 4.849543e-10
287 4.791126e-10
288 4.733261e-10
289 4.675969e-10
290 4.619290e-10
291 4.563245e-10
292 4.507845e-10
293 4.453119e-10
294 4.399099e-10
295 4.345795e-10
296 4.293237e-10
297 4.241437e-10
298 4.190435e-10
299 4.140250e-10
300 4.090902e-10
301 4.042402e-10
302 3.994761e-10
303 3.947980e-10
304 3.902068e-10
305 3.857035e-10
306 3.812873e-10
307 3.769600e-10
308 3.727217e-10
309 3.685725e-10
310 3.645113e-10
311 3.605411e-10
312 3.566601e-10
313 3.528701e-10
314 3.491713e-10
315 3.455626e-10
316 3.420460e-10
317 3.386217e-10
318 3.352906e-10
319 3.320516e-10
320 3.289050e-10
321 3.258536e-10
322 3.228946e-10
323 3.200308e-10
324 3.172605e-10
325 3.145855e-10
326 3.120049e-10
327 3.095198e-10
328 3.071301e-10
329 3.048359e-10
330 3.026383e-10
331 3.005362e-10
332 2.985307e-10
333 2.966208e-10
334 2.948075e-10
335 2.930920e-10
336 2.914731e-10
337 2.899510e-10
338 2.885257e-10
339 2.871982e-10
340 2.859685e-10
341 2.848358e-10
342 2.837998e-10
343 2.828596e-10
344 2.820132e-10
345 2.812595e-10
346 2.805973e-10
347 2.800248e-10
348 2.795406e-10
349 2.791449e-10
350 2.788354e-10
351 2.786122e-10
352 2.784742e-10
353 2.784192e-10
354 2.784463e-10
355 2.785553e-10
356 2.787432e-10
357 2.790090e-10
358 2.793516e-10
359 2.797688e-10
360 2.802587e-10
361 2.808203e-10
362 2.814514e-10
363 2.821520e-10
364 2.829180e-10
365 2.837505e-10
366 2.846463e-10
367 2.856045e-10
368 2.866229e-10
369 2.876996e-10
370 2.888344e-10
371 2.900235e-10
372 2.912667e-10
373 2.925610e-10
374 2.939054e-10
375 2.952968e-10
376 2.967343e-10
377 2.982168e-10
378 2.997403e-10
379 3.013047e-10
380 3.029081e-10
381 3.045474e-10
382 3.062216e-10
383 3.079287e-10
384 3.096658e-10
385 3.114317e-10
386 3.132259e-10
387 3.150475e-10
388 3.168930e-10
389 3.187625e-10
390 3.206545e-10
391 3.225680e-10
392 3.244997e-10
393 3.264504e-10
394 3.284169e-10
395 3.303980e-10
396 3.323925e-10
397 3.343983e-10
398 3.364150e-10
399 3.384405e-10
400 3.404736e-10
401 3.425131e-10
402 3.445568e-10
403 3.466035e-10
404 3.486520e-10
405 3.506990e-10
406 3.527435e-10
407 3.547841e-10
408 3.568188e-10
409 3.588442e-10
410 3.608612e-10
411 3.628646e-10
412 3.648551e-10
413 3.668307e-10
414 3.687890e-10
415 3.707270e-10
416 3.726453e-10
417 3.745397e-10
418 3.764102e-10
419 3.782534e-10
420 3.800693e-10
421 3.818545e-10
422 3.836068e-10
423 3.853262e-10
424 3.870093e-10
425 3.886540e-10
426 3.902594e-10
427 3.918228e-10
428 3.933470e-10
429 3.948285e-10
430 3.962681e-10
431 3.976663e-10
432 3.990220e-10
433 4.003367e-10
434 4.016081e-10
435 4.028379e-10
436 4.040258e-10
437 4.051713e-10
438 4.062743e-10
439 4.073353e-10
440 4.083530e-10
441 4.093271e-10
442 4.102562e-10
443 4.111411e-10
444 4.119803e-10
445 4.127735e-10
446 4.135204e-10
447 4.142207e-10
448 4.148760e-10
449 4.154849e-10
450 4.160472e-10
451 4.165634e-10
452 4.170343e-10
453 4.174575e-10
454 4.178336e-10
455 4.181613e-10
456 4.184402e-10
457 4.186700e-10
458 4.188493e-10
459 4.189768e-10
460 4.190551e-10
461 4.190808e-10
462 4.190576e-10
463 4.189821e-10
464 4.188580e-10
465 4.186819e-10
466 4.184563e-10
467 4.181800e-10
468 4.178518e-10
469 4.174731e-10
470 4.170439e-10
471 4.165639e-10
472 4.160348e-10
473 4.154564e-10
474 4.148305e-10
475 4.141579e-10
476 4.134402e-10
477 4.126773e-10
478 4.118720e-10
479 4.110259e-10
480 4.101379e-10
481 4.092117e-10
482 4.082449e-10
483 4.072405e-10
484 4.061981e-10
485 4.051174e-10
486 4.040013e-10
487 4.028493e-10
488 4.016624e-10
489 4.004432e-10
490 3.991914e-10
491 3.979088e-10
492 3.965972e-10
493 3.952581e-10
494 3.938925e-10
495 3.925009e-10
496 3.910852e-10
497 3.896450e-10
498 3.881820e-10
499 3.866971e-10
500 3.851908e-10
501 3.836640e-10
502 3.821184e-10
503 3.805546e-10
504 3.789743e-10
505 3.773804e-10
506 3.757725e-10
507 3.741533e-10
508 3.725235e-10
509 3.708838e-10
510 3.692380e-10
511 3.675841e-10
512 3.659254e-10
513 3.642610e-10
514 3.625921e-10
515 3.609198e-10
516 3.592452e-10
517 3.575686e-10
518 3.558901e-10
519 3.542117e-10
520 3.525327e-10
521 3.508553e-10
522 3.491794e-10
523 3.475054e-10
524 3.458363e-10
525 3.441713e-10
526 3.425135e-10
527 3.408631e-10
528 3.392211e-10
529 3.375888e-10
530 3.359683e-10
531 3.343588e-10
532 3.327632e-10
533 3.311819e-10
534 3.296149e-10
535 3.280654e-10
536 3.265324e-10
537 3.250192e-10
538 3.235259e-10
539 3.220546e-10
540 3.206044e-10
541 3.191795e-10
542 3.177800e-10
543 3.164060e-10
544 3.150607e-10
545 3.137452e-10
546 3.124596e-10
547 3.112061e-10
548 3.099857e-10
549 3.087998e-10
550 3.076493e-10
551 3.065374e-10
552 3.054629e-10
553 3.044277e-10
554 3.034323e-10
555 3.024751e-10
556 3.015557e-10
557 3.006766e-10
558 2.998353e-10
559 2.990324e-10
560 2.982673e-10
561 2.975415e-10
562 2.968526e-10
563 2.962021e-10
564 2.955906e-10
565 2.950155e-10
566 2.944783e-10
567 2.939797e-10
568 2.935181e-10
569 2.930941e-10
570 2.927072e-10
571 2.923579e-10
572 2.920468e-10
573 2.917734e-10
574 2.915372e-10
575 2.913409e-10
576 2.911819e-10
577 2.910629e-10
578 2.909822e-10
579 2.909406e-10
580 2.909386e-10
581 2.909767e-10
582 2.910544e-10
583 2.911715e-10
584 2.913293e-10
585 2.915275e-10
586 2.917656e-10
587 2.920443e-10
588 2.923651e-10
589 2.927255e-10
590 2.931282e-10
591 2.935727e-10
592 2.940587e-10
593 2.945866e-10
594 2.951559e-10
595 2.957672e-10
596 2.964190e-10
597 2.971097e-10
598 2.978386e-10
599 2.986053e-10
600 2.994082e-10
601 3.002478e-10
602 3.011204e-10
603 3.020286e-10
604 3.029687e-10
605 3.039402e-10
606 3.049436e-10
607 3.059764e-10
608 3.070389e-10
609 3.081306e-10
610 3.092481e-10
611 3.103936e-10
612 3.115638e-10
613 3.127581e-10
614 3.139779e-10
615 3.152187e-10
616 3.164830e-10
617 3.177682e-10
618 3.190739e-10
619 3.203984e-10
620 3.217413e-10
621 3.231030e-10
622 3.244811e-10
623 3.258739e-10
624 3.272820e-10
625 3.287039e-10
626 3.301391e-10
627 3.315850e-10
628 3.330431e-10
629 3.345100e-10
630 3.359860e-10
631 3.374698e-10
632 3.389598e-10
633 3.404565e-10
634 3.419574e-10
635 3.434620e-10
636 3.449699e-10
637 3.464799e-10
638 3.479906e-10
639 3.495019e-10
640 3.510126e-10
641 3.525226e-10
642 3.540295e-10
643 3.555353e-10
644 3.570357e-10
645 3.585325e-10
646 3.600246e-10
647 3.615096e-10
648 3.629876e-10
649 3.644572e-10
650 3.659193e-10
651 3.673706e-10
652 3.688111e-10
653 3.702405e-10
654 3.716576e-10
655 3.730622e-10
656 3.744512e-10
657 3.758254e-10
658 3.771836e-10
659 3.785246e-10
660 3.798473e-10
661 3.811504e-10
662 3.824337e-10
663 3.836951e-10
664 3.849344e-10
665 3.861504e-10
666 3.873410e-10
667 3.885059e-10
668 3.896449e-10
669 3.907549e-10
670 3.918366e-10
671 3.928880e-10
672 3.939078e-10
673 3.948947e-10
674 3.958477e-10
675 3.967665e-10
676 3.976489e-10
677 3.984937e-10
678 3.992990e-10
679 4.000667e-10
680 4.007961e-10
681 4.014862e-10
682 4.021374e-10
683 4.027508e-10
684 4.033266e-10
685 4.038630e-10
686 4.043612e-10
687 4.048213e-10
688 4.052435e-10
689 4.056281e-10
690 4.059742e-10
691 4.062820e-10
692 4.065516e-10
693 4.067833e-10
694 4.069762e-10
695 4.071315e-10
696 4.072464e-10
697 4.073239e-10
698 4.073614e-10
699 4.073609e-10
700 4.073207e-10
701 4.072408e-10
702 4.071204e-10
703 4.069608e-10
704 4.067620e-10
705 4.065212e-10
706 4.062416e-10
707 4.059203e-10
708 4.055574e-10
709 4.051542e-10
710 4.047087e-10
711 4.042211e-10
712 4.036925e-10
713 4.031201e-10
714 4.025050e-10
715 4.018473e-10
716 4.011452e-10
717 4.003988e-10
718 3.996082e-10
719 3.987726e-10
720 3.978923e-10
721 3.969674e-10
722 3.959992e-10
723 3.949891e-10
724 3.939373e-10
725 3.928453e-10
726 3.917133e-10
727 3.905427e-10
728 3.893347e-10
729 3.880877e-10
730 3.868050e-10
731 3.854869e-10
732 3.841327e-10
733 3.827447e-10
734 3.813232e-10
735 3.798675e-10
736 3.783808e-10
737 3.768616e-10
738 3.753120e-10
739 3.737324e-10
740 3.721230e-10
741 3.704841e-10
742 3.688171e-10
743 3.671231e-10
744 3.654014e-10
745 3.636534e-10
746 3.618793e-10
747 3.600803e-10
748 3.582567e-10
749 3.564098e-10
750 3.545398e-10
751 3.526471e-10
752 3.507317e-10
753 3.487961e-10
754 3.468404e-10
755 3.448649e-10
756 3.428698e-10
757 3.408584e-10
758 3.388299e-10
759 3.367856e-10
760 3.347256e-10
761 3.326513e-10
762 3.305629e-10
763 3.284616e-10
764 3.263468e-10
765 3.242197e-10
766 3.220817e-10
767 3.199319e-10
768 3.177727e-10
769 3.156024e-10
770 3.134242e-10
771 3.112375e-10
772 3.090424e-10
773 3.068414e-10
774 3.046336e-10
775 3.024203e-10
776 3.002039e-10
777 2.979845e-10
778 2.957635e-10
779 2.935422e-10
780 2.913208e-10
781 2.891016e-10
782 2.868838e-10
783 2.846698e-10
784 2.824588e-10
785 2.802521e-10
786 2.780490e-10
787 2.758517e-10
788 2.736606e-10
789 2.714748e-10
790 2.692977e-10
791 2.671286e-10
792 2.649697e-10
793 2.628212e-10
794 2.606846e-10
795 2.585600e-10
796 2.564497e-10
797 2.543550e-10
798 2.522763e-10
799 2.502157e-10
800 2.481735e-10
801 2.461510e-10
802 2.441506e-10
803 2.421715e-10
804 2.402157e-10
805 2.382818e-10
806 2.363689e-10
807 2.344774e-10
808 2.326075e-10
809 2.307585e-10
810 2.289306e-10
811 2.271241e-10
812 2.253413e-10
813 2.235813e-10
814 2.218456e-10
815 2.201353e-10
816 2.184507e-10
817 2.167912e-10
818 2.151569e-10
819 2.135471e-10
820 2.119612e-10
821 2.103983e-10
822 2.088588e-10
823 2.073419e-10
824 2.058490e-10
825 2.043813e-10
826 2.029391e-10
827 2.015236e-10
828 2.001352e-10
829 1.987762e-10
830 1.974468e-10
831 1.961474e-10
832 1.948772e-10
833 1.936355e-10
834 1.924236e-10
835 1.912399e-10
836 1.900837e-10
837 1.889562e-10
838 1.878587e-10
839 1.867896e-10
840 1.857533e-10
841 1.847489e-10
842 1.837778e-10
843 1.828404e-10
844 1.819400e-10
845 1.810739e-10
846 1.802442e-10
847 1.794484e-10
848 1.786865e-10
849 1.779568e-10
850 1.772574e-10
851 1.765896e-10
852 1.759515e-10
853 1.753433e-10
854 1.747642e-10
855 1.742165e-10
856 1.736972e-10
857 1.732086e-10
858 1.727500e-10
859 1.723204e-10
860 1.719192e-10
861 1.715465e-10
862 1.712006e-10
863 1.708827e-10
864 1.705909e-10
865 1.703246e-10
866 1.700849e-10
867 1.698690e-10
868 1.696773e-10
869 1.695099e-10
870 1.693650e-10
871 1.692430e-10
872 1.691440e-10
873 1.690663e-10
874 1.690111e-10
875 1.689777e-10
876 1.689662e-10
877 1.689761e-10
878 1.690095e-10
879 1.690636e-10
880 1.691398e-10
881 1.692362e-10
882 1.693542e-10
883 1.694920e-10
884 1.696489e-10
885 1.698250e-10
886 1.700198e-10
887 1.702324e-10
888 1.704641e-10
889 1.707118e-10
890 1.709774e-10
891 1.712588e-10
892 1.715559e-10
893 1.718675e-10
894 1.721947e-10
895 1.725342e-10
896 1.728880e-10
897 1.732541e-10
898 1.736322e-10
899 1.740222e-10
900 1.744232e-10
901 1.748340e-10
902 1.752555e-10
903 1.756866e-10
904 1.761262e-10
905 1.765742e-10
906 1.770296e-10
907 1.774932e-10
908 1.779630e-10
909 1.784388e-10
910 1.789197e-10
911 1.794054e-10
912 1.798959e-10
913 1.803902e-10
914 1.808871e-10
915 1.813856e-10
916 1.818865e-10
917 1.823878e-10
918 1.828884e-10
919 1.833892e-10
920 1.838892e-10
921 1.843862e-10
922 1.848812e-10
923 1.853740e-10
924 1.858617e-10
925 1.863460e-10
926 1.868250e-10
927 1.872986e-10
928 1.877666e-10
929 1.882280e-10
930 1.886818e-10
931 1.891273e-10
932 1.895661e-10
933 1.899966e-10
934 1.904194e-10
935 1.908338e-10
936 1.912394e-10
937 1.916366e-10
938 1.920249e-10
939 1.924048e-10
940 1.927747e-10
941 1.931362e-10
942 1.934877e-10
943 1.938296e-10
944 1.941614e-10
945 1.944836e-10
946 1.947947e-10
947 1.950961e-10
948 1.953863e-10
949 1.956646e-10
950 1.959327e-10
951 1.961889e-10
952 1.964327e-10
953 1.966645e-10
954 1.968829e-10
955 1.970891e-10
956 1.972817e-10
957 1.974612e-10
958 1.976259e-10
959 1.977763e-10
960 1.979128e-10
961 1.980339e-10
962 1.981400e-10
963 1.982305e-10
964 1.983049e-10
965 1.983626e-10
966 1.984029e-10
967 1.984264e-10
968 1.984314e-10
969 1.984183e-10
970 1.983866e-10
971 1.983347e-10
972 1.982632e-10
973 1.981721e-10
974 1.980629e-10
975 1.979338e-10
976 1.977861e-10
977 1.976211e-10
978 1.974382e-10
979 1.972377e-10
980 1.970208e-10
981 1.967869e-10
982 1.965361e-10
983 1.962690e-10
984 1.959866e-10
985 1.956884e-10
986 1.953746e-10
987 1.950465e-10
988 1.947033e-10
989 1.943455e-10
990 1.939731e-10
991 1.935866e-10
992 1.931871e-10
993 1.927730e-10
994 1.923465e-10
995 1.919060e-10
996 1.914526e-10
997 1.909866e-10
998 1.905084e-10
999 1.900171e-10
1000 1.895140e-10
1001 1.889973e-10
1002 1.884695e-10
1003 1.879285e-10
1004 1.873759e-10
1005 1.868097e-10
1006 1.862322e-10
1007 1.856417e-10
1008 1.850394e-10
1009 1.844256e-10
1010 1.837984e-10
1011 1.831602e-10
1012 1.825092e-10
1013 1.818456e-10
1014 1.811717e-10
1015 1.804851e-10
1016 1.797887e-10
1017 1.790831e-10
1018 1.783671e-10
1019 1.776423e-10
1020 1.769096e-10
1021 1.761686e-10
1022 1.754200e-10
1023 1.746627e-10
1024 1.738992e-10
1025 1.731274e-10
1026 1.723499e-10
1027 1.715654e-10
1028 1.707747e-10
1029 1.699805e-10
1030 1.691805e-10
1031 1.683774e-10
1032 1.675699e-10
1033 1.667607e-10
1034 1.659485e-10
1035 1.651351e-10
1036 1.643191e-10
1037 1.635003e-10
1038 1.626813e-10
1039 1.618609e-10
1040 1.610388e-10
1041 1.602166e-10
1042 1.593941e-10
1043 1.585709e-10
1044 1.577499e-10
1045 1.569296e-10
1046 1.561108e-10
1047 1.552942e-10
1048 1.544805e-10
1049 1.536694e-10
1050 1.528615e-10
1051 1.520567e-10
1052 1.512556e-10
1053 1.504589e-10
1054 1.496673e-10
1055 1.488795e-10
1056 1.480973e-10
1057 1.473200e-10
1058 1.465483e-10
1059 1.457816e-10
1060 1.450215e-10
1061 1.442675e-10
1062 1.435199e-10
1063 1.427785e-10
1064 1.420436e-10
1065 1.413148e-10
1066 1.405936e-10
1067 1.398785e-10
1068 1.391720e-10
1069 1.384717e-10
1070 1.377799e-10
1071 1.370954e-10
1072 1.364195e-10
1073 1.357509e-10
1074 1.350909e-10
1075 1.344392e-10
1076 1.337973e-10
1077 1.331637e-10
1078 1.325398e-10
1079 1.319243e-10
1080 1.313197e-10
1081 1.307245e-10
1082 1.301392e-10
1083 1.295644e-10
1084 1.290006e-10
1085 1.284473e-10
1086 1.279051e-10
1087 1.273745e-10
1088 1.268550e-10
1089 1.263473e-10
1090 1.258518e-10
1091 1.253691e-10
1092 1.248987e-10
1093 1.244412e-10
1094 1.239971e-10
1095 1.235670e-10
1096 1.231505e-10
1097 1.227490e-10
1098 1.223621e-10
1099 1.219888e-10
1100 1.216311e-10
1101 1.212859e-10
1102 1.209552e-10
1103 1.206369e-10
1104 1.203330e-10
1105 1.200416e-10
1106 1.197624e-10
1107 1.194966e-10
1108 1.192421e-10
1109 1.190009e-10
1110 1.187709e-10
1111 1.185532e-10
1112 1.183466e-10
1113 1.181523e-10
1114 1.179691e-10
1115 1.177971e-10
1116 1.176362e-10
1117 1.174865e-10
1118 1.173479e-10
1119 1.172194e-10
1120 1.171011e-10
1121 1.169939e-10
1122 1.168969e-10
1123 1.168100e-10
1124 1.167342e-10
1125 1.166676e-10
1126 1.166101e-10
1127 1.165639e-10
1128 1.165278e-10
1129 1.165009e-10
1130 1.164853e-10
1131 1.164789e-10
1132 1.164828e-10
1133 1.164970e-10
1134 1.165205e-10
1135 1.165544e-10
1136 1.165986e-10
1137 1.166523e-10
1138 1.167164e-10
1139 1.167910e-10
1140 1.168740e-10
1141 1.169682e-10
1142 1.170710e-10
1143 1.171831e-10
1144 1.173030e-10
1145 1.174313e-10
1146 1.175676e-10
1147 1.177115e-10
1148 1.178615e-10
1149 1.180183e-10
1150 1.181814e-10
1151 1.183504e-10
1152 1.185249e-10
1153 1.187055e-10
1154 1.188898e-10
1155 1.190794e-10
1156 1.192728e-10
1157 1.194707e-10
1158 1.196727e-10
1159 1.198783e-10
1160 1.200871e-10
1161 1.202988e-10
1162 1.205140e-10
1163 1.207311e-10
1164 1.209509e-10
1165 1.211730e-10
1166 1.213959e-10
1167 1.216202e-10
1168 1.218455e-10
1169 1.220725e-10
1170 1.222997e-10
1171 1.225277e-10
1172 1.227562e-10
1173 1.229847e-10
1174 1.232128e-10
1175 1.234401e-10
1176 1.236673e-10
1177 1.238940e-10
1178 1.241186e-10
1179 1.243430e-10
1180 1.245655e-10
1181 1.247859e-10
1182 1.250047e-10
1183 1.252216e-10
1184 1.254361e-10
1185 1.256478e-10
1186 1.258563e-10
1187 1.260623e-10
1188 1.262653e-10
1189 1.264648e-10
1190 1.266596e-10
1191 1.268522e-10
1192 1.270402e-10
1193 1.272241e-10
1194 1.274046e-10
1195 1.275803e-10
1196 1.277507e-10
1197 1.279165e-10
1198 1.280782e-10
1199 1.282344e-10
1200 1.283847e-10
1201 1.285298e-10
1202 1.286691e-10
1203 1.288022e-10
1204 1.289299e-10
1205 1.290505e-10
1206 1.291648e-10
1207 1.292722e-10
1208 1.293734e-10
1209 1.294680e-10
1210 1.295545e-10
1211 1.296335e-10
1212 1.297056e-10
1213 1.297693e-10
1214 1.298253e-10
1215 1.298740e-10
1216 1.299131e-10
1217 1.299441e-10
1218 1.299667e-10
1219 1.299802e-10
1220 1.299834e-10
1221 1.299788e-10
1222 1.299629e-10
1223 1.299383e-10
1224 1.299027e-10
1225 1.298577e-10
1226 1.298025e-10
1227 1.297378e-10
1228 1.296637e-10
1229 1.295809e-10
1230 1.294884e-10
1231 1.293861e-10
1232 1.292749e-10
1233 1.291556e-10
1234 1.290263e-10
1235 1.288887e-10
1236 1.287418e-10
1237 1.285865e-10
1238 1.284226e-10
1239 1.282500e-10
1240 1.280686e-10
1241 1.278794e-10
1242 1.276821e-10
1243 1.274756e-10
1244 1.272609e-10
1245 1.270377e-10
1246 1.268071e-10
1247 1.265678e-10
1248 1.263207e-10
1249 1.260646e-10
1250 1.258015e-10
1251 1.255292e-10
1252 1.252486e-10
1253 1.249605e-10
1254 1.246637e-10
1255 1.243592e-10
1256 1.240468e-10
1257 1.237264e-10
1258 1.233977e-10
1259 1.230597e-10
1260 1.227151e-10
1261 1.223609e-10
1262 1.219989e-10
1263 1.216289e-10
1264 1.212498e-10
1265 1.208624e-10
1266 1.204656e-10
1267 1.200616e-10
1268 1.196495e-10
1269 1.192296e-10
1270 1.188021e-10
1271 1.183672e-10
1272 1.179261e-10
1273 1.174780e-10
1274 1.170229e-10
1275 1.165622e-10
1276 1.160956e-10
1277 1.156235e-10
1278 1.151460e-10
1279 1.146632e-10
1280 1.141755e-10
1281 1.136831e-10
1282 1.131862e-10
1283 1.126849e-10
1284 1.121795e-10
1285 1.116702e-10
1286 1.111571e-10
1287 1.106406e-10
1288 1.101207e-10
1289 1.095975e-10
1290 1.090716e-10
1291 1.085428e-10
1292 1.080113e-10
1293 1.074774e-10
1294 1.069413e-10
1295 1.064029e-10
1296 1.058625e-10
1297 1.053202e-10
1298 1.047763e-10
1299 1.042306e-10
1300 1.036834e-10
1301 1.031349e-10
1302 1.025852e-10
1303 1.020342e-10
1304 1.014822e-10
1305 1.009295e-10
1306 1.003758e-10
1307 9.982138e-11
1308 9.926642e-11
1309 9.871107e-11
1310 9.815539e-11
1311 9.759979e-11
1312 9.704435e-11
1313 9.648925e-11
1314 9.593470e-11
1315 9.538088e-11
1316 9.482797e-11
1317 9.427617e-11
1318 9.372567e-11
1319 9.317666e-11
1320 9.262922e-11
1321 9.208366e-11
1322 9.154016e-11
1323 9.099871e-11
1324 9.045960e-11
1325 8.992294e-11
1326 8.938891e-11
1327 8.885771e-11
1328 8.832943e-11
1329 8.780418e-11
1330 8.728223e-11
1331 8.676371e-11
1332 8.624859e-11
1333 8.573729e-11
1334 8.522980e-11
1335 8.472623e-11
1336 8.422687e-11
1337 8.373174e-11
1338 8.324113e-11
1339 8.275505e-11
1340 8.227361e-11
1341 8.179711e-11
1342 8.132558e-11
1343 8.085920e-11
1344 8.039801e-11
1345 7.994230e-11
1346 7.949210e-11
1347 7.904762e-11
1348 7.860888e-11
1349 7.817619e-11
1350 7.774954e-11
1351 7.732903e-11
1352 7.691461e-11
1353 7.650653e-11
1354 7.610375e-11
1355 7.570784e-11
1356 7.531797e-11
1357 7.493428e-11
1358 7.455696e-11
1359 7.418516e-11
1360 7.381905e-11
1361 7.345881e-11
1362 7.310560e-11
1363 7.275759e-11
1364 7.241597e-11
1365 7.208090e-11
1366 7.175057e-11
1367 7.142714e-11
1368 7.110981e-11
1369 7.079774e-11
1370 7.049312e-11
1371 7.019314e-11
1372 6.989998e-11
1373 6.961283e-11
1374 6.933187e-11
1375 6.905630e-11
1376 6.878730e-11
1377 6.852507e-11
1378 6.826879e-11
1379 6.801867e-11
1380 6.777391e-11
1381 6.753669e-11
1382 6.730522e-11
1383 6.707970e-11
1384 6.686033e-11
1385 6.664831e-11
1386 6.644285e-11
1387 6.624316e-11
1388 6.605044e-11
1389 6.586390e-11
1390 6.568475e-11
1391 6.551221e-11
1392 6.534644e-11
1393 6.518845e-11
1394 6.503619e-11
1395 6.488964e-11
1396 6.474976e-11
1397 6.461651e-11
1398 6.448786e-11
1399 6.436578e-11
1400 6.424824e-11
1401 6.413721e-11
1402 6.403066e-11
1403 6.392957e-11
1404 6.383391e-11
1405 6.374266e-11
1406 6.365579e-11
1407 6.357328e-11
1408 6.349611e-11
1409 6.342227e-11
1410 6.335373e-11
1411 6.328848e-11
1412 6.322750e-11
1413 6.316978e-11
1414 6.311630e-11
1415 6.306605e-11
1416 6.302001e-11
1417 6.297718e-11
1418 6.293854e-11
1419 6.290309e-11
1420 6.287081e-11
1421 6.284169e-11
1422 6.281574e-11
1423 6.279394e-11
1424 6.277428e-11
1425 6.275776e-11
1426 6.274438e-11
1427 6.273312e-11
1428 6.272499e-11
1429 6.271998e-11
1430 6.271809e-11
1431 6.271831e-11
1432 6.272164e-11
1433 6.272708e-11
1434 6.273560e-11
1435 6.274608e-11
1436 6.275938e-11
1437 6.277435e-11
1438 6.279085e-11
1439 6.280973e-11
1440 6.283086e-11
1441 6.285307e-11
1442 6.287624e-11
1443 6.290022e-11
1444 6.292586e-11
1445 6.295201e-11
1446 6.297854e-11
1447 6.300630e-11
1448 6.303414e-11
1449 6.306191e-11
1450 6.309048e-11
1451 6.311970e-11
1452 6.314841e-11
1453 6.317648e-11
1454 6.320475e-11
1455 6.323308e-11
1456 6.326133e-11
1457 6.328933e-11
1458 6.331595e-11
1459 6.334203e-11
1460 6.336742e-11
1461 6.339198e-11
1462 6.341555e-11
1463 6.343798e-11
1464 6.345912e-11
1465 6.347882e-11
1466 6.349792e-11
1467 6.351527e-11
1468 6.353172e-11
1469 6.354610e-11
1470 6.355827e-11
1471 6.357006e-11
1472 6.357932e-11
1473 6.358589e-11
1474 6.359162e-11
1475 6.359434e-11
1476 6.359589e-11
1477 6.359514e-11
1478 6.359197e-11
1479 6.358724e-11
1480 6.357982e-11
1481 6.357058e-11
1482 6.355838e-11
1483 6.354410e-11
1484 6.352858e-11
1485 6.350971e-11
1486 6.348934e-11
1487 6.346533e-11
1488 6.343955e-11
1489 6.341185e-11
1490 6.338060e-11
1491 6.334715e-11
1492 6.331115e-11
1493 6.327257e-11
1494 6.323125e-11
1495 6.318725e-11
1496 6.314053e-11
1497 6.309113e-11
1498 6.303891e-11
1499 6.298391e-11
1500 6.292607e-11
1501 6.286536e-11
1502 6.280190e-11
1503 6.273545e-11
1504 6.266605e-11
1505 6.259374e-11
1506 6.251835e-11
1507 6.243984e-11
1508 6.235823e-11
1509 6.227347e-11
1510 6.218548e-11
1511 6.209421e-11
1512 6.199988e-11
1513 6.190223e-11
1514 6.180139e-11
1515 6.169738e-11
1516 6.159004e-11
1517 6.147939e-11
1518 6.136548e-11
1519 6.124824e-11
1520 6.112783e-11
1521 6.100428e-11
1522 6.087767e-11
1523 6.074802e-11
1524 6.061550e-11
1525 6.048014e-11
1526 6.034209e-11
1527 6.020130e-11
1528 6.005791e-11
1529 5.991207e-11
1530 5.976370e-11
1531 5.961296e-11
1532 5.945979e-11
1533 5.930441e-11
1534 5.914677e-11
1535 5.898691e-11
1536 5.882496e-11
1537 5.866076e-11
1538 5.849464e-11
1539 5.832652e-11
1540 5.815646e-11
1541 5.798447e-11
1542 5.781079e-11
1543 5.763524e-11
1544 5.745807e-11
1545 5.727909e-11
1546 5.709853e-11
1547 5.691643e-11
1548 5.673260e-11
1549 5.654728e-11
1550 5.636039e-11
1551 5.617196e-11
1552 5.598201e-11
1553 5.579066e-11
1554 5.559774e-11
1555 5.540337e-11
1556 5.520758e-11
1557 5.501039e-11
1558 5.481182e-11
1559 5.461189e-11
1560 5.441055e-11
1561 5.420789e-11
1562 5.400415e-11
1563 5.379925e-11
1564 5.359351e-11
1565 5.338687e-11
1566 5.317954e-11
1567 5.297144e-11
1568 5.276281e-11
1569 5.255377e-11
1570 5.234423e-11
1571 5.213453e-11
1572 5.192449e-11
1573 5.171433e-11
1574 5.150417e-11
1575 5.129404e-11
1576 5.108396e-11
1577 5.087416e-11
1578 5.066465e-11
1579 5.045557e-11
1580 5.024684e-11
1581 5.003867e-11
1582 4.983110e-11
1583 4.962414e-11
1584 4.941783e-11
1585 4.921218e-11
1586 4.900743e-11
1587 4.880349e-11
1588 4.860039e-11
1589 4.839825e-11
1590 4.819711e-11
1591 4.799698e-11
1592 4.779800e-11
1593 4.760009e-11
1594 4.740337e-11
1595 4.720788e-11
1596 4.701354e-11
1597 4.682058e-11
1598 4.662892e-11
1599 4.643851e-11
1600 4.624966e-11
1601 4.606211e-11
1602 4.587599e-11
1603 4.569135e-11
1604 4.550824e-11
1605 4.532670e-11
1606 4.514671e-11
1607 4.496840e-11
1608 4.479173e-11
1609 4.461675e-11
1610 4.444353e-11
1611 4.427211e-11
1612 4.410256e-11
1613 4.393482e-11
1614 4.376896e-11
1615 4.360505e-11
1616 4.344312e-11
1617 4.328316e-11
1618 4.312522e-11
1619 4.296926e-11
1620 4.281534e-11
1621 4.266354e-11
1622 4.251381e-11
1623 4.236622e-11
1624 4.222074e-11
1625 4.207744e-11
1626 4.193638e-11
1627 4.179743e-11
1628 4.166078e-11
1629 4.152637e-11
1630 4.139420e-11
1631 4.126434e-11
1632 4.113675e-11
1633 4.101141e-11
1634 4.088850e-11
1635 4.076790e-11
1636 4.064959e-11
1637 4.053374e-11
1638 4.042024e-11
1639 4.030916e-11
1640 4.020050e-11
1641 4.009422e-11
1642 3.999042e-11
1643 3.988907e-11
1644 3.979027e-11
1645 3.969385e-11
1646 3.959987e-11
1647 3.950825e-11
1648 3.941896e-11
1649 3.933203e-11
1650 3.924730e-11
1651 3.916483e-11
1652 3.908467e-11
1653 3.900656e-11
1654 3.893074e-11
1655 3.885698e-11
1656 3.878522e-11
1657 3.871562e-11
1658 3.864801e-11
1659 3.858247e-11
1660 3.851884e-11
1661 3.845717e-11
1662 3.839733e-11
1663 3.833946e-11
1664 3.828343e-11
1665 3.822919e-11
1666 3.817670e-11
1667 3.812601e-11
1668 3.807709e-11
1669 3.802979e-11
1670 3.798418e-11
1671 3.794022e-11
1672 3.789787e-11
1673 3.785708e-11
1674 3.781793e-11
1675 3.778028e-11
1676 3.774419e-11
1677 3.770962e-11
1678 3.767664e-11
1679 3.764501e-11
1680 3.761481e-11
1681 3.758619e-11
1682 3.755883e-11
1683 3.753289e-11
1684 3.750834e-11
1685 3.748515e-11
1686 3.746327e-11
1687 3.744265e-11
1688 3.742328e-11
1689 3.740511e-11
1690 3.738794e-11
1691 3.737179e-11
1692 3.735669e-11
1693 3.734236e-11
1694 3.732902e-11
1695 3.731629e-11
1696 3.730440e-11
1697 3.729316e-11
1698 3.728241e-11
1699 3.727225e-11
1700 3.726262e-11
1701 3.725344e-11
1702 3.724463e-11
1703 3.723622e-11
1704 3.722813e-11
1705 3.722038e-11
1706 3.721280e-11
1707 3.720541e-11
1708 3.719814e-11
1709 3.719110e-11
1710 3.718403e-11
1711 3.717705e-11
1712 3.716998e-11
1713 3.716284e-11
1714 3.715567e-11
1715 3.714837e-11
1716 3.714098e-11
1717 3.713332e-11
1718 3.712541e-11
1719 3.711737e-11
1720 3.710893e-11
1721 3.710031e-11
1722 3.709132e-11
1723 3.708190e-11
1724 3.707226e-11
1725 3.706213e-11
1726 3.705151e-11
1727 3.704054e-11
1728 3.702903e-11
1729 3.701698e-11
1730 3.700440e-11
1731 3.699117e-11
1732 3.697731e-11
1733 3.696272e-11
1734 3.694738e-11
1735 3.693120e-11
1736 3.691437e-11
1737 3.689670e-11
1738 3.687818e-11
1739 3.685879e-11
1740 3.683855e-11
1741 3.681744e-11
1742 3.679536e-11
1743 3.677230e-11
1744 3.674815e-11
1745 3.672310e-11
1746 3.669686e-11
1747 3.666950e-11
1748 3.664112e-11
1749 3.661140e-11
1750 3.658065e-11
1751 3.654864e-11
1752 3.651546e-11
1753 3.648111e-11
1754 3.644546e-11
1755 3.640851e-11
1756 3.637033e-11
1757 3.633082e-11
1758 3.628996e-11
1759 3.624773e-11
1760 3.620422e-11
1761 3.615931e-11
1762 3.611297e-11
1763 3.606530e-11
1764 3.601616e-11
1765 3.596575e-11
1766 3.591394e-11
1767 3.586071e-11
1768 3.580614e-11
1769 3.575020e-11
1770 3.569287e-11
1771 3.563415e-11
1772 3.557401e-11
1773 3.551254e-11
1774 3.544963e-11
1775 3.538546e-11
1776 3.531982e-11
1777 3.525288e-11
1778 3.518464e-11
1779 3.511497e-11
1780 3.504406e-11
1781 3.497178e-11
1782 3.489821e-11
1783 3.482335e-11
1784 3.474725e-11
1785 3.466981e-11
1786 3.459120e-11
1787 3.451139e-11
1788 3.443026e-11
1789 3.434799e-11
1790 3.426455e-11
1791 3.417981e-11
1792 3.409396e-11
1793 3.400695e-11
1794 3.391867e-11
1795 3.382928e-11
1796 3.373865e-11
1797 3.364696e-11
1798 3.355407e-11
1799 3.346015e-11
1800 3.336507e-11
1801 3.326900e-11
1802 3.317190e-11
1803 3.307375e-11
1804 3.297460e-11
1805 3.287452e-11
1806 3.277347e-11
1807 3.267142e-11
1808 3.256844e-11
1809 3.246448e-11
1810 3.235962e-11
1811 3.225380e-11
1812 3.214709e-11
1813 3.203948e-11
1814 3.193103e-11
1815 3.182182e-11
1816 3.171183e-11
1817 3.160114e-11
1818 3.148971e-11
1819 3.137762e-11
1820 3.126486e-11
1821 3.115148e-11
1822 3.103757e-11
1823 3.092301e-11
1824 3.080785e-11
1825 3.069229e-11
1826 3.057618e-11
1827 3.045961e-11
1828 3.034265e-11
1829 3.022537e-11
1830 3.010764e-11
1831 2.998973e-11
1832 2.987153e-11
1833 2.975310e-11
1834 2.963441e-11
1835 2.951554e-11
1836 2.939656e-11
1837 2.927734e-11
1838 2.915806e-11
1839 2.903858e-11
1840 2.891909e-11
1841 2.879955e-11
1842 2.867994e-11
1843 2.856043e-11
1844 2.844089e-11
1845 2.832140e-11
1846 2.820203e-11
1847 2.808285e-11
1848 2.796364e-11
1849 2.784467e-11
1850 2.772581e-11
1851 2.760714e-11
1852 2.748874e-11
1853 2.737047e-11
1854 2.725251e-11
1855 2.713485e-11
1856 2.701755e-11
1857 2.690051e-11
1858 2.678390e-11
1859 2.666761e-11
1860 2.655190e-11
1861 2.643648e-11
1862 2.632161e-11
1863 2.620728e-11
1864 2.609347e-11
1865 2.598016e-11
1866 2.586734e-11
1867 2.575518e-11
1868 2.564368e-11
1869 2.553271e-11
1870 2.542245e-11
1871 2.531290e-11
1872 2.520393e-11
1873 2.509573e-11
1874 2.498818e-11
1875 2.488147e-11
1876 2.477548e-11
1877 2.467031e-11
1878 2.456592e-11
1879 2.446232e-11
1880 2.435949e-11
1881 2.425761e-11
1882 2.415657e-11
1883 2.405637e-11
1884 2.395698e-11
1885 2.385851e-11
1886 2.376103e-11
1887 2.366434e-11
1888 2.356862e-11
1889 2.347378e-11
1890 2.337989e-11
1891 2.328696e-11
1892 2.319508e-11
1893 2.310413e-11
1894 2.301411e-11
1895 2.292512e-11
1896 2.283715e-11
1897 2.275019e-11
1898 2.266425e-11
1899 2.257930e-11
1900 2.249545e-11
1901 2.241250e-11
1902 2.233064e-11
1903 2.224976e-11
1904 2.216997e-11
1905 2.209116e-11
1906 2.201344e-11
1907 2.193669e-11
1908 2.186093e-11
1909 2.178635e-11
1910 2.171275e-11
1911 2.164014e-11
1912 2.156861e-11
1913 2.149808e-11
1914 2.142853e-11
1915 2.136009e-11
1916 2.129264e-11
1917 2.122620e-11
1918 2.116078e-11
1919 2.109647e-11
1920 2.103308e-11
1921 2.097072e-11
1922 2.090941e-11
1923 2.084904e-11
1924 2.078982e-11
1925 2.073146e-11
1926 2.067408e-11
1927 2.061778e-11
1928 2.056237e-11
1929 2.050796e-11
1930 2.045457e-11
1931 2.040209e-11
1932 2.035045e-11
1933 2.029986e-11
1934 2.025013e-11
1935 2.020136e-11
1936 2.015348e-11
1937 2.010650e-11
1938 2.006043e-11
1939 2.001518e-11
1940 1.997077e-11
1941 1.992721e-11
1942 1.988452e-11
1943 1.984272e-11
1944 1.980162e-11
1945 1.976133e-11
1946 1.972188e-11
1947 1.968318e-11
1948 1.964524e-11
1949 1.960799e-11
1950 1.957143e-11
1951 1.953570e-11
1952 1.950060e-11
1953 1.946616e-11
1954 1.943239e-11
1955 1.939931e-11
1956 1.936684e-11
1957 1.933500e-11
1958 1.930381e-11
1959 1.927318e-11
1960 1.924315e-11
1961 1.921372e-11
1962 1.918471e-11
1963 1.915635e-11
1964 1.912846e-11
1965 1.910096e-11
1966 1.907407e-11
1967 1.904760e-11
1968 1.902149e-11
1969 1.899594e-11
1970 1.897069e-11
1971 1.894585e-11
1972 1.892145e-11
1973 1.889730e-11
1974 1.887353e-11
1975 1.885016e-11
1976 1.882702e-11
1977 1.880411e-11
1978 1.878147e-11
1979 1.875902e-11
1980 1.873688e-11
1981 1.871487e-11
1982 1.869313e-11
1983 1.867158e-11
1984 1.865015e-11
1985 1.862897e-11
1986 1.860786e-11
1987 1.858696e-11
1988 1.856618e-11
1989 1.854546e-11
1990 1.852493e-11
1991 1.850451e-11
1992 1.848412e-11
1993 1.846370e-11
1994 1.844347e-11
1995 1.842315e-11
1996 1.840298e-11
1997 1.838277e-11
1998 1.836246e-11
1999 1.834227e-11
2000 1.832192e-11
2001 1.830164e-11
2002 1.828125e-11
2003 1.826077e-11
2004 1.824024e-11
2005 1.821967e-11
2006 1.819899e-11
2007 1.817811e-11
2008 1.815717e-11
2009 1.813608e-11
2010 1.811487e-11
2011 1.809345e-11
2012 1.807185e-11
2013 1.804999e-11
2014 1.802799e-11
2015 1.800577e-11
2016 1.798324e-11
2017 1.796064e-11
2018 1.793767e-11
2019 1.791455e-11
2020 1.789111e-11
2021 1.786747e-11
2022 1.784363e-11
2023 1.781942e-11
2024 1.779496e-11
2025 1.777027e-11
2026 1.774518e-11
2027 1.771979e-11
2028 1.769414e-11
2029 1.766813e-11
2030 1.764179e-11
2031 1.761523e-11
2032 1.758828e-11
2033 1.756095e-11
2034 1.753335e-11
2035 1.750541e-11
2036 1.747714e-11
2037 1.744846e-11
2038 1.741949e-11
2039 1.739013e-11
2040 1.736040e-11
2041 1.733023e-11
2042 1.729972e-11
2043 1.726889e-11
2044 1.723765e-11
2045 1.720611e-11
2046 1.717420e-11
2047 1.714182e-11
2048 1.710918e-11
2049 1.707620e-11
2050 1.704289e-11
2051 1.700916e-11
2052 1.697513e-11
2053 1.694070e-11
2054 1.690588e-11
2055 1.687069e-11
2056 1.683524e-11
2057 1.679932e-11
2058 1.676317e-11
2059 1.672658e-11
2060 1.668975e-11
2061 1.665251e-11
2062 1.661506e-11
2063 1.657721e-11
2064 1.653906e-11
2065 1.650071e-11
2066 1.646197e-11
2067 1.642293e-11
2068 1.638369e-11
2069 1.634406e-11
2070 1.630424e-11
2071 1.626411e-11
2072 1.622358e-11
2073 1.618285e-11
2074 1.614182e-11
2075 1.610058e-11
2076 1.605893e-11
2077 1.601706e-11
2078 1.597488e-11
2079 1.593248e-11
2080 1.588986e-11
2081 1.584700e-11
2082 1.580392e-11
2083 1.576060e-11
2084 1.571704e-11
2085 1.567343e-11
2086 1.562947e-11
2087 1.558535e-11
2088 1.554117e-11
2089 1.549672e-11
2090 1.545210e-11
2091 1.540730e-11
2092 1.536231e-11
2093 1.531723e-11
2094 1.527205e-11
2095 1.522667e-11
2096 1.518128e-11
2097 1.513577e-11
2098 1.509013e-11
2099 1.504447e-11
2100 1.499866e-11
2101 1.495281e-11
2102 1.490691e-11
2103 1.486095e-11
2104 1.481493e-11
2105 1.476893e-11
2106 1.472286e-11
2107 1.467688e-11
2108 1.463078e-11
2109 1.458484e-11
2110 1.453884e-11
2111 1.449295e-11
2112 1.444705e-11
2113 1.440123e-11
2114 1.435536e-11
2115 1.430962e-11
2116 1.426389e-11
2117 1.421825e-11
2118 1.417258e-11
2119 1.412705e-11
2120 1.408146e-11
2121 1.403607e-11
2122 1.399066e-11
2123 1.394533e-11
2124 1.390024e-11
2125 1.385507e-11
2126 1.381012e-11
2127 1.376524e-11
2128 1.372054e-11
2129 1.367598e-11
2130 1.363145e-11
2131 1.358713e-11
2132 1.354290e-11
2133 1.349884e-11
2134 1.345493e-11
2135 1.341125e-11
2136 1.336779e-11
2137 1.332442e-11
2138 1.328133e-11
2139 1.323850e-11
2140 1.319591e-11
2141 1.315354e-11
2142 1.311148e-11
2143 1.306961e-11
2144 1.302810e-11
2145 1.298686e-11
2146 1.294585e-11
2147 1.290516e-11
2148 1.286477e-11
2149 1.282476e-11
2150 1.278499e-11
2151 1.274555e-11
2152 1.270641e-11
2153 1.266763e-11
2154 1.262910e-11
2155 1.259098e-11
2156 1.255306e-11
2157 1.251549e-11
2158 1.247827e-11
2159 1.244127e-11
2160 1.240465e-11
2161 1.236829e-11
2162 1.233228e-11
2163 1.229658e-11
2164 1.226118e-11
2165 1.222604e-11
2166 1.219125e-11
2167 1.215678e-11
2168 1.212260e-11
2169 1.208871e-11
2170 1.205517e-11
2171 1.202186e-11
2172 1.198896e-11
2173 1.195634e-11
2174 1.192410e-11
2175 1.189220e-11
2176 1.186062e-11
2177 1.182935e-11
2178 1.179837e-11
2179 1.176775e-11
2180 1.173747e-11
2181 1.170742e-11
2182 1.167778e-11
2183 1.164842e-11
2184 1.161943e-11
2185 1.159069e-11
2186 1.156229e-11
2187 1.153429e-11
2188 1.150650e-11
2189 1.147908e-11
2190 1.145203e-11
2191 1.142523e-11
2192 1.139876e-11
2193 1.137260e-11
2194 1.134665e-11
2195 1.132110e-11
2196 1.129592e-11
2197 1.127100e-11
2198 1.124633e-11
2199 1.122200e-11
2200 1.119800e-11
2201 1.117430e-11
2202 1.115091e-11
2203 1.112780e-11
2204 1.110507e-11
2205 1.108261e-11
2206 1.106039e-11
2207 1.103852e-11
2208 1.101687e-11
2209 1.099554e-11
2210 1.097453e-11
2211 1.095370e-11
2212 1.093316e-11
2213 1.091290e-11
2214 1.089291e-11
2215 1.087306e-11
2216 1.085357e-11
2217 1.083431e-11
2218 1.081527e-11
2219 1.079635e-11
2220 1.077773e-11
2221 1.075931e-11
2222 1.074108e-11
2223 1.072313e-11
2224 1.070524e-11
2225 1.068761e-11
2226 1.067004e-11
2227 1.065270e-11
2228 1.063550e-11
2229 1.061832e-11
2230 1.060136e-11
2231 1.058450e-11
2232 1.056775e-11
2233 1.055099e-11
2234 1.053445e-11
2235 1.051792e-11
2236 1.050161e-11
2237 1.048533e-11
2238 1.046918e-11
2239 1.045307e-11
2240 1.043721e-11
2241 1.042129e-11
2242 1.040554e-11
2243 1.038994e-11
2244 1.037442e-11
2245 1.035897e-11
2246 1.034360e-11
2247 1.032832e-11
2248 1.031313e-11
2249 1.029804e-11
2250 1.028306e-11
2251 1.026818e-11
2252 1.025332e-11
2253 1.023849e-11
2254 1.022378e-11
2255 1.020900e-11
2256 1.019437e-11
2257 1.017977e-11
2258 1.016523e-11
2259 1.015065e-11
2260 1.013612e-11
2261 1.012166e-11
2262 1.010717e-11
2263 1.009256e-11
2264 1.007803e-11
2265 1.006349e-11
2266 1.004894e-11
2267 1.003428e-11
2268 1.001953e-11
2269 1.000478e-11
2270 9.989941e-12
2271 9.975018e-12
2272 9.960014e-12
2273 9.944933e-12
2274 9.929682e-12
2275 9.914278e-12
2276 9.898843e-12
2277 9.883195e-12
2278 9.867454e-12
2279 9.851640e-12
2280 9.835773e-12
2281 9.819772e-12
2282 9.803656e-12
2283 9.787344e-12
2284 9.771056e-12
2285 9.754609e-12
2286 9.738123e-12
2287 9.721516e-12
2288 9.704806e-12
2289 9.688012e-12
2290 9.671150e-12
2291 9.654139e-12
2292 9.637097e-12
2293 9.619940e-12
2294 9.602686e-12
2295 9.585352e-12
2296 9.567854e-12
2297 9.550309e-12
2298 9.532633e-12
2299 9.514942e-12
2300 9.497052e-12
2301 9.479079e-12
2302 9.461039e-12
2303 9.442745e-12
2304 9.424515e-12
2305 9.406061e-12
2306 9.387500e-12
2307 9.368845e-12
2308 9.350010e-12
2309 9.331010e-12
2310 9.311959e-12
2311 9.292769e-12
2312 9.273354e-12
2313 9.253827e-12
2314 9.234202e-12
2315 9.214391e-12
2316 9.194408e-12
2317 9.174269e-12
2318 9.153994e-12
2319 9.133499e-12
2320 9.112903e-12
2321 9.092124e-12
2322 9.071178e-12
2323 9.050183e-12
2324 9.028956e-12
2325 9.007613e-12
2326 8.986073e-12
2327 8.964451e-12
2328 8.942663e-12
2329 8.920827e-12
2330 8.898757e-12
2331 8.876571e-12
2332 8.854285e-12
2333 8.831913e-12
2334 8.809373e-12
2335 8.786679e-12
2336 8.763847e-12
2337 8.740992e-12
2338 8.717929e-12
2339 8.694775e-12
2340 8.671543e-12
2341 8.648149e-12
2342 8.624708e-12
2343 8.601134e-12
2344 8.577442e-12
2345 8.553647e-12
2346 8.529863e-12
2347 8.505905e-12
2348 8.481887e-12
2349 8.457724e-12
2350 8.433528e-12
2351 8.409315e-12
2352 8.384999e-12
2353 8.360593e-12
2354 8.336111e-12
2355 8.311667e-12
2356 8.287075e-12
2357 8.262548e-12
2358 8.237898e-12
2359 8.213332e-12
2360 8.188656e-12
2361 8.163976e-12
2362 8.139195e-12
2363 8.114421e-12
2364 8.089558e-12
2365 8.064710e-12
2366 8.039884e-12
2367 8.014883e-12
2368 7.989914e-12
2369 7.964980e-12
2370 7.939887e-12
2371 7.914838e-12
2372 7.889740e-12
2373 7.864695e-12
2374 7.839509e-12
2375 7.814386e-12
2376 7.789231e-12
2377 7.763947e-12
2378 7.738739e-12
2379 7.713512e-12
2380 7.688369e-12
2381 7.663115e-12
2382 7.637854e-12
2383 7.612590e-12
2384 7.587328e-12
2385 7.562171e-12
2386 7.536923e-12
2387 7.511690e-12
2388 7.486575e-12
2389 7.461482e-12
2390 7.436316e-12
2391 7.411281e-12
2392 7.386381e-12
2393 7.361422e-12
2394 7.336608e-12
2395 7.311842e-12
2396 7.287231e-12
2397 7.262678e-12
2398 7.238189e-12
2399 7.213869e-12
2400 7.189620e-12
2401 7.165435e-12
2402 7.141506e-12
2403 7.117523e-12
2404 7.093777e-12
2405 7.070061e-12
2406 7.046464e-12
2407 7.022978e-12
2408 6.999496e-12
2409 6.976209e-12
2410 6.952908e-12
2411 6.929786e-12
2412 6.906635e-12
2413 6.883648e-12
2414 6.860716e-12
2415 6.837832e-12
2416 6.815090e-12
2417 6.792381e-12
2418 6.769799e-12
2419 6.747237e-12
2420 6.724889e-12
2421 6.702547e-12
2422 6.680305e-12
2423 6.658258e-12
2424 6.636197e-12
2425 6.614318e-12
2426 6.592514e-12
2427 6.570780e-12
2428 6.549209e-12
2429 6.527796e-12
2430 6.506436e-12
2431 6.485222e-12
2432 6.464149e-12
2433 6.443212e-12
2434 6.422506e-12
2435 6.401825e-12
2436 6.381364e-12
2437 6.361019e-12
2438 6.340884e-12
2439 6.320855e-12
2440 6.301027e-12
2441 6.281394e-12
2442 6.261952e-12
2443 6.242586e-12
2444 6.223483e-12
2445 6.204628e-12
2446 6.185807e-12
2447 6.167306e-12
2448 6.148911e-12
2449 6.130607e-12
2450 6.112582e-12
2451 6.094620e-12
2452 6.076909e-12
2453 6.059235e-12
2454 6.041784e-12
2455 6.024443e-12
2456 6.007299e-12
2457 5.990339e-12
2458 5.973449e-12
2459 5.956617e-12
2460 5.940030e-12
2461 5.923575e-12
2462 5.907140e-12
2463 5.891012e-12
2464 5.874880e-12
2465 5.858931e-12
2466 5.843053e-12
2467 5.827334e-12
2468 5.811764e-12
2469 5.796329e-12
2470 5.780920e-12
2471 5.765725e-12
2472 5.750632e-12
2473 5.735631e-12
2474 5.720711e-12
2475 5.705962e-12
2476 5.691273e-12
2477 5.676734e-12
2478 5.662335e-12
2479 5.648065e-12
2480 5.633815e-12
2481 5.619776e-12
2482 5.605836e-12
2483 5.591987e-12
2484 5.578220e-12
2485 5.564626e-12
2486 5.551197e-12
2487 5.537824e-12
2488 5.524601e-12
2489 5.511418e-12
2490 5.498367e-12
2491 5.485542e-12
2492 5.472734e-12
2493 5.460036e-12
2494 5.447489e-12
2495 5.435046e-12
2496 5.422730e-12
2497 5.410523e-12
2498 5.398437e-12
2499 5.386455e-12
2500 5.374589e-12
2501 5.362832e-12
2502 5.351185e-12
2503 5.339642e-12
2504 5.328204e-12
2505 5.316874e-12
2506 5.305635e-12
2507 5.294508e-12
2508 5.283476e-12
2509 5.272531e-12
2510 5.261685e-12
2511 5.250930e-12
2512 5.240268e-12
2513 5.229672e-12
2514 5.219162e-12
2515 5.208732e-12
2516 5.198363e-12
2517 5.188057e-12
2518 5.177806e-12
2519 5.167611e-12
2520 5.157464e-12
2521 5.147357e-12
2522 5.137292e-12
2523 5.127249e-12
2524 5.117232e-12
2525 5.107240e-12
2526 5.097258e-12
2527 5.087285e-12
2528 5.077341e-12
2529 5.067409e-12
2530 5.057499e-12
2531 5.047611e-12
2532 5.037748e-12
2533 5.027910e-12
2534 5.018108e-12
2535 5.008323e-12
2536 4.998566e-12
2537 4.988848e-12
2538 4.979151e-12
2539 4.969484e-12
2540 4.959850e-12
2541 4.950249e-12
2542 4.940672e-12
2543 4.931141e-12
2544 4.921635e-12
2545 4.912157e-12
2546 4.902717e-12
2547 4.893307e-12
2548 4.883916e-12
2549 4.874556e-12
2550 4.865219e-12
2551 4.855904e-12
2552 4.846613e-12
2553 4.837336e-12
2554 4.828075e-12
2555 4.818830e-12
2556 4.809581e-12
2557 4.800359e-12
2558 4.791126e-12
2559 4.781900e-12
2560 4.772683e-12
2561 4.763444e-12
2562 4.754204e-12
2563 4.744944e-12
2564 4.735662e-12
2565 4.726349e-12
2566 4.717005e-12
2567 4.707629e-12
2568 4.698213e-12
2569 4.688763e-12
2570 4.679270e-12
2571 4.669762e-12
2572 4.660218e-12
2573 4.650657e-12
2574 4.641088e-12
2575 4.631489e-12
2576 4.621889e-12
2577 4.612265e-12
2578 4.602636e-12
2579 4.593001e-12
2580 4.583355e-12
2581 4.573698e-12
2582 4.564037e-12
2583 4.554380e-12
2584 4.544713e-12
2585 4.535044e-12
2586 4.525369e-12
2587 4.515687e-12
2588 4.506014e-12
2589 4.496336e-12
2590 4.486640e-12
2591 4.476953e-12
2592 4.467251e-12
2593 4.457540e-12
2594 4.447828e-12
2595 4.438100e-12
2596 4.428362e-12
2597 4.418611e-12
2598 4.408842e-12
2599 4.399062e-12
2600 4.389267e-12
2601 4.379462e-12
2602 4.369624e-12
2603 4.359778e-12
2604 4.349900e-12
2605 4.340007e-12
2606 4.330073e-12
2607 4.320115e-12
2608 4.310129e-12
2609 4.300110e-12
2610 4.290055e-12
2611 4.279972e-12
2612 4.269849e-12
2613 4.259696e-12
2614 4.249512e-12
2615 4.239306e-12
2616 4.229076e-12
2617 4.218811e-12
2618 4.208530e-12
2619 4.198222e-12
2620 4.187906e-12
2621 4.177560e-12
2622 4.167203e-12
2623 4.156824e-12
2624 4.146442e-12
2625 4.136035e-12
2626 4.125622e-12
2627 4.115201e-12
2628 4.104761e-12
2629 4.094321e-12
2630 4.083859e-12
2631 4.073403e-12
2632 4.062942e-12
2633 4.052484e-12
2634 4.042017e-12
2635 4.031570e-12
2636 4.021120e-12
2637 4.010686e-12
2638 4.000255e-12
2639 3.989847e-12
2640 3.979437e-12
2641 3.969055e-12
2642 3.958678e-12
2643 3.948324e-12
2644 3.937980e-12
2645 3.927654e-12
2646 3.917354e-12
2647 3.907086e-12
2648 3.896829e-12
2649 3.886610e-12
2650 3.876417e-12
2651 3.866266e-12
2652 3.856134e-12
2653 3.846034e-12
2654 3.835959e-12
2655 3.825911e-12
2656 3.815884e-12
2657 3.805868e-12
2658 3.795867e-12
2659 3.785884e-12
2660 3.775910e-12
2661 3.765958e-12
2662 3.756011e-12
2663 3.746081e-12
2664 3.736171e-12
2665 3.726263e-12
2666 3.716361e-12
2667 3.706476e-12
2668 3.696602e-12
2669 3.686731e-12
2670 3.676867e-12
2671 3.667011e-12
2672 3.657169e-12
2673 3.647331e-12
2674 3.637502e-12
2675 3.627686e-12
2676 3.617884e-12
2677 3.608091e-12
2678 3.598320e-12
2679 3.588574e-12
2680 3.578838e-12
2681 3.569135e-12
2682 3.559449e-12
2683 3.549783e-12
2684 3.540153e-12
2685 3.530551e-12
2686 3.520982e-12
2687 3.511459e-12
2688 3.501969e-12
2689 3.492533e-12
2690 3.483148e-12
2691 3.473828e-12
2692 3.464566e-12
2693 3.455368e-12
2694 3.446246e-12
2695 3.437189e-12
2696 3.428194e-12
2697 3.419268e-12
2698 3.410396e-12
2699 3.401587e-12
2700 3.392817e-12
2701 3.384112e-12
2702 3.375441e-12
2703 3.366829e-12
2704 3.358255e-12
2705 3.349724e-12
2706 3.341225e-12
2707 3.332773e-12
2708 3.324357e-12
2709 3.315983e-12
2710 3.307639e-12
2711 3.299331e-12
2712 3.291067e-12
2713 3.282824e-12
2714 3.274629e-12
2715 3.266460e-12
2716 3.258323e-12
2717 3.250217e-12
2718 3.242138e-12
2719 3.234094e-12
2720 3.226071e-12
2721 3.218078e-12
2722 3.210123e-12
2723 3.202201e-12
2724 3.194322e-12
2725 3.186472e-12
2726 3.178669e-12
2727 3.170911e-12
2728 3.163195e-12
2729 3.155530e-12
2730 3.147913e-12
2731 3.140342e-12
2732 3.132825e-12
2733 3.125361e-12
2734 3.117946e-12
2735 3.110589e-12
2736 3.103288e-12
2737 3.096047e-12
2738 3.088858e-12
2739 3.081726e-12
2740 3.074643e-12
2741 3.067614e-12
2742 3.060621e-12
2743 3.053678e-12
2744 3.046779e-12
2745 3.039917e-12
2746 3.033097e-12
2747 3.026312e-12
2748 3.019557e-12
2749 3.012835e-12
2750 3.006150e-12
2751 2.999486e-12
2752 2.992868e-12
2753 2.986280e-12
2754 2.979716e-12
2755 2.973190e-12
2756 2.966698e-12
2757 2.960242e-12
2758 2.953809e-12
2759 2.947401e-12
2760 2.941024e-12
2761 2.934673e-12
2762 2.928341e-12
2763 2.922044e-12
2764 2.915766e-12
2765 2.909511e-12
2766 2.903285e-12
2767 2.897082e-12
2768 2.890906e-12
2769 2.884752e-12
2770 2.878625e-12
2771 2.872520e-12
2772 2.866440e-12
2773 2.860382e-12
2774 2.854349e-12
2775 2.848335e-12
2776 2.842337e-12
2777 2.836357e-12
2778 2.830411e-12
2779 2.824475e-12
2780 2.818562e-12
2781 2.812679e-12
2782 2.806820e-12
2783 2.800981e-12
2784 2.795178e-12
2785 2.789394e-12
2786 2.783626e-12
2787 2.777898e-12
2788 2.772185e-12
2789 2.766493e-12
2790 2.760827e-12
2791 2.755192e-12
2792 2.749572e-12
2793 2.743973e-12
2794 2.738401e-12
2795 2.732849e-12
2796 2.727323e-12
2797 2.721808e-12
2798 2.716310e-12
2799 2.710842e-12
2800 2.705380e-12
2801 2.699939e-12
2802 2.694524e-12
2803 2.689110e-12
2804 2.683712e-12
2805 2.678335e-12
2806 2.672954e-12
2807 2.667593e-12
2808 2.662238e-12
2809 2.656883e-12
2810 2.651534e-12
2811 2.646175e-12
2812 2.640832e-12
2813 2.635478e-12
2814 2.630119e-12
2815 2.624761e-12
2816 2.619386e-12
2817 2.614011e-12
2818 2.608620e-12
2819 2.603228e-12
2820 2.597810e-12
2821 2.592376e-12
2822 2.586934e-12
2823 2.581474e-12
2824 2.576017e-12
2825 2.570541e-12
2826 2.565065e-12
2827 2.559590e-12
2828 2.554105e-12
2829 2.548618e-12
2830 2.543130e-12
2831 2.537650e-12
2832 2.532177e-12
2833 2.526699e-12
2834 2.521227e-12
2835 2.515760e-12
2836 2.510305e-12
2837 2.504854e-12
2838 2.499404e-12
2839 2.493964e-12
2840 2.488524e-12
2841 2.483092e-12
2842 2.477667e-12
2843 2.472259e-12
2844 2.466844e-12
2845 2.461444e-12
2846 2.456035e-12
2847 2.450647e-12
2848 2.445258e-12
2849 2.439867e-12
2850 2.434473e-12
2851 2.429083e-12
2852 2.423697e-12
2853 2.418302e-12
2854 2.412897e-12
2855 2.407491e-12
2856 2.402072e-12
2857 2.396647e-12
2858 2.391206e-12
2859 2.385746e-12
2860 2.380275e-12
2861 2.374783e-12
2862 2.369267e-12
2863 2.363730e-12
2864 2.358175e-12
2865 2.352605e-12
2866 2.347013e-12
2867 2.341422e-12
2868 2.335815e-12
2869 2.330195e-12
2870 2.324574e-12
2871 2.318936e-12
2872 2.313303e-12
2873 2.307668e-12
2874 2.302034e-12
2875 2.296393e-12
2876 2.290758e-12
2877 2.285122e-12
2878 2.279487e-12
2879 2.273856e-12
2880 2.268231e-12
2881 2.262615e-12
2882 2.256990e-12
2883 2.251379e-12
2884 2.245773e-12
2885 2.240165e-12
2886 2.234568e-12
2887 2.228974e-12
2888 2.223384e-12
2889 2.217791e-12
2890 2.212218e-12
2891 2.206636e-12
2892 2.201067e-12
2893 2.195494e-12
2894 2.189928e-12
2895 2.184372e-12
2896 2.178807e-12
2897 2.173245e-12
2898 2.167689e-12
2899 2.162120e-12
2900 2.156560e-12
2901 2.150992e-12
2902 2.145416e-12
2903 2.139835e-12
2904 2.134251e-12
2905 2.128668e-12
2906 2.123069e-12
2907 2.117468e-12
2908 2.111868e-12
2909 2.106264e-12
2910 2.100658e-12
2911 2.095055e-12
2912 2.089449e-12
2913 2.083842e-12
2914 2.078240e-12
2915 2.072635e-12
2916 2.067022e-12
2917 2.061424e-12
2918 2.055826e-12
2919 2.050230e-12
2920 2.044641e-12
2921 2.039053e-12
2922 2.033470e-12
2923 2.027896e-12
2924 2.022324e-12
2925 2.016759e-12
2926 2.011215e-12
2927 2.005665e-12
2928 2.000134e-12
2929 1.994606e-12
2930 1.989094e-12
2931 1.983593e-12
2932 1.978097e-12
2933 1.972620e-12
2934 1.967166e-12
2935 1.961720e-12
2936 1.956284e-12
2937 1.950873e-12
2938 1.945482e-12
2939 1.940105e-12
2940 1.934754e-12
2941 1.929415e-12
2942 1.924102e-12
2943 1.918817e-12
2944 1.913547e-12
2945 1.908303e-12
2946 1.903091e-12
2947 1.897892e-12
2948 1.892729e-12
2949 1.887583e-12
2950 1.882457e-12
2951 1.877353e-12
2952 1.872263e-12
2953 1.867198e-12
2954 1.862161e-12
2955 1.857124e-12
2956 1.852119e-12
2957 1.847118e-12
2958 1.842132e-12
2959 1.837164e-12
2960 1.832206e-12
2961 1.827259e-12
2962 1.822336e-12
2963 1.817409e-12
2964 1.812510e-12
2965 1.807610e-12
2966 1.802732e-12
2967 1.797858e-12
2968 1.792990e-12
2969 1.788140e-12
2970 1.783301e-12
2971 1.778474e-12
2972 1.773653e-12
2973 1.768838e-12
2974 1.764044e-12
2975 1.759262e-12
2976 1.754495e-12
2977 1.749735e-12
2978 1.744986e-12
2979 1.740260e-12
2980 1.735549e-12
2981 1.730857e-12
2982 1.726187e-12
2983 1.721532e-12
2984 1.716904e-12
2985 1.712298e-12
2986 1.707726e-12
2987 1.703172e-12
2988 1.698659e-12
2989 1.694167e-12
2990 1.689696e-12
2991 1.685257e-12
2992 1.680849e-12
2993 1.676464e-12
2994 1.672091e-12
2995 1.667750e-12
2996 1.663432e-12
2997 1.659138e-12
2998 1.654858e-12
2999 1.650612e-12
3000 1.646381e-12
